1.9089738758642842,20,0,1
2.054151285906502,20,0.2,3
2.2448221737203293,20,0.4,4
2.3934908633040672,20,0.6000000000000001,5
2.5241781162984642,20,0.8,6
2.7481770329837962,20,1.0,8
2.9600068813786864,20,1.2,9
3.5487151240254278,20,1.4,10
3.772505615200085,20,1.5999999999999999,11
3.9075887261500215,20,1.7999999999999998,12
4.056593251775034,20,1.9999999999999998,13
4.251369359803243,20,2.1999999999999997,16
4.382392101847268,20,2.4,17
4.566481795202615,20,2.6,18
5.154005968096209,20,2.8000000000000003,19
5.366515718373106,20,3.0000000000000004,21
5.492155292158915,20,3.2000000000000006,22
5.648754122826917,20,3.400000000000001,23
6.996666496411048,20,3.600000000000001,24
7.190322757102723,20,3.800000000000001,25
7.333551709093808,20,4.000000000000001,28
7.5208267114122105,20,4.200000000000001,29
7.6794503876245646,20,4.400000000000001,30
8.261159869811388,20,4.600000000000001,31
8.427716032016434,20,4.800000000000002,32
9.374485248869401,20,5.000000000000002,34
9.555735203227313,20,5.200000000000002,35
9.693805833553299,20,5.400000000000002,36
10.26052285493328,20,5.600000000000002,37
10.42250816382322,20,5.8000000000000025,38
10.612599002563075,20,6.000000000000003,41
10.758458009386759,20,6.200000000000003,42
10.947047404824543,20,6.400000000000003,43
11.567816728420174,20,6.600000000000003,44
11.725983381891288,20,6.800000000000003,45
11.890123216831979,20,7.0000000000000036,47
13.244602266446181,20,7.200000000000004,48
13.418662797204611,20,7.400000000000004,49
13.600023201735649,20,7.600000000000004,50
13.755292823238966,20,7.800000000000004,51
13.929197196112069,20,8.000000000000004,54
14.099775131499449,20,8.200000000000003,55
14.273025024550053,20,8.400000000000002,56
14.883675802121981,20,8.600000000000001,57
15.047450986477424,20,8.8,58
15.208628066072938,20,9.0,60
15.36107234530001,20,9.2,61
15.558964329430587,20,9.399999999999999,62
16.507085701931587,20,9.599999999999998,63
17.108442866832636,20,9.799999999999997,64
17.301926168646833,20,9.999999999999996,65
17.442424725754574,20,10.199999999999996,68
17.642343822038388,20,10.399999999999995,69
17.868198044757584,20,10.599999999999994,70
18.427607094514517,20,10.799999999999994,71
19.381882908703776,20,10.999999999999993,72
19.516028677728897,20,11.199999999999992,74
19.725883047104883,20,11.399999999999991,75
19.862855241390474,20,11.59999999999999,76
20.497181985540767,20,11.79999999999999,77
20.651710841964885,20,11.99999999999999,78
20.833349660126817,20,12.199999999999989,81
20.961957418804058,20,12.399999999999988,82
21.157120801205416,20,12.599999999999987,83
21.754953917989003,20,12.799999999999986,84
21.939874577684094,20,12.999999999999986,85
22.10149332787584,20,13.199999999999985,87
23.06052739505774,20,13.399999999999984,88
23.661121992592616,20,13.599999999999984,89
23.795432358536324,20,13.799999999999983,90
23.99028746814733,20,13.999999999999982,91
24.149216170952045,20,14.199999999999982,94
24.298393519776297,20,14.39999999999998,95
25.72869645954378,20,14.59999999999998,96
25.859896121568088,20,14.79999999999998,97
26.042441714396105,20,14.999999999999979,98
26.237576685744504,20,15.199999999999978,100
26.38905646104804,20,15.399999999999977,101
26.946428753263515,20,15.599999999999977,102
27.142672927201332,20,15.799999999999976,103
27.320552377817137,20,15.999999999999975,104
27.48923827688724,20,16.199999999999974,107
27.665626779094797,20,16.399999999999974,108
28.24429211817397,20,16.599999999999973,109
28.417679456870403,20,16.799999999999972,110
28.596724983284446,20,16.99999999999997,111
29.966335791230573,20,17.19999999999997,113
30.097625923066676,20,17.39999999999997,114
30.292888645064806,20,17.59999999999997,115
30.480409374511066,20,17.79999999999997,116
30.658161566644754,20,17.999999999999968,117
30.771230705108323,20,18.199999999999967,120
30.962947333783134,20,18.399999999999967,121
31.557753845290225,20,18.599999999999966,122
31.716109473367833,20,18.799999999999965,123
31.924622847186576,20,18.999999999999964,124
32.05341610356389,20,19.199999999999964,126
32.2083812643818,20,19.399999999999963,127
33.141078653470466,20,19.599999999999962,128
33.70464924729497,20,19.79999999999996,129
33.93730517323847,20,19.99999999999996,130
34.48362499973139,20,20.19999999999996,133
34.68156926409805,20,20.39999999999996,134
34.8656941010826,20,20.59999999999996,135
34.98828027783334,20,20.799999999999958,136
36.39375889753757,20,20.999999999999957,137
36.55733460361231,20,21.199999999999957,139
36.742196255059895,20,21.399999999999956,140
36.89137256439786,20,21.599999999999955,141
37.077082224689974,20,21.799999999999955,142
37.21470839563379,20,21.999999999999954,143
37.43547064843126,20,22.199999999999953,146
37.61378244923641,20,22.399999999999952,147
38.14656491528958,20,22.59999999999995,148
38.33245485664984,20,22.79999999999995,149
38.48229753978608,20,22.99999999999995,150
38.67782500908288,20,23.19999999999995,152
39.248635309295736,20,23.39999999999995,153
40.184904737157595,20,23.599999999999948,154
40.32285367440524,20,23.799999999999947,155
40.481217245991544,20,23.999999999999947,156
40.641701672507,20,24.199999999999946,159
40.82393916250948,20,24.399999999999945,160
41.431312420870384,20,24.599999999999945,161
41.56811736681068,20,24.799999999999944,162
41.78467760144594,20,24.999999999999943,163
41.92684663106223,20,25.199999999999942,165
42.096479778987415,20,25.39999999999994,166
42.70904612328162,20,25.59999999999994,167
43.63625803774314,20,25.79999999999994,168
43.78627224924167,20,25.99999999999994,169
43.96932852983517,20,26.19999999999994,172
44.10736353639117,20,26.399999999999938,173
44.293944084007414,20,26.599999999999937,174
44.8921458803498,20,26.799999999999937,175
45.819849866321135,20,26.999999999999936,176
45.991037323742056,20,27.199999999999935,178
46.14966710212026,20,27.399999999999935,179
46.77023833918577,20,27.599999999999934,180
46.97191504709194,20,27.799999999999933,181
47.14532079691228,20,27.999999999999932,182
47.26134116464518,20,28.199999999999932,185
47.42660564445394,20,28.39999999999993,186
48.056393982761605,20,28.59999999999993,187
48.181080351561,20,28.79999999999993,188
48.34629384663608,20,28.99999999999993,189
48.54298807860422,20,29.19999999999993,191
48.70805951516263,20,29.399999999999928,192
49.29826127887248,20,29.599999999999927,193
49.418378937745715,20,29.799999999999926,194
50.31757086068948,20,29.999999999999925,195
50.53297002747406,20,30.199999999999925,198
50.727440922822915,20,30.399999999999924,199
51.261510365876745,20,30.599999999999923,200
51.39557001752413,20,30.799999999999923,201
51.62162850717294,20,30.999999999999922,202
52.995496347663966,20,31.19999999999992,204
53.14780025185144,20,31.39999999999992,205
53.31295640498171,20,31.59999999999992,206
53.52813081107728,20,31.79999999999992,207
53.67818389984807,20,31.99999999999992,208
53.87805272403149,20,32.19999999999992,211
54.03021172826232,20,32.39999999999992,212
54.60745615023886,20,32.59999999999992,213
54.7594650771679,20,32.799999999999926,214
54.922855975200214,20,32.99999999999993,215
55.12142905375365,20,33.19999999999993,217
55.277923473214635,20,33.399999999999935,218
56.6611129986874,20,33.59999999999994,219
56.833979656513144,20,33.79999999999994,220
56.99034247530956,20,33.99999999999994,221
57.90430396773884,20,34.199999999999946,224
58.121170761515934,20,34.39999999999995,225
58.243765423933716,20,34.59999999999995,226
58.43140037227279,20,34.799999999999955,227
59.02106535007587,20,34.99999999999996,228
59.19502912784787,20,35.19999999999996,230
59.34456849191093,20,35.39999999999996,231
59.520274657823386,20,35.599999999999966,232
59.67289056048878,20,35.79999999999997,233
60.266994465521805,20,35.99999999999997,234
60.44082279946838,20,36.199999999999974,237
60.5797757934373,20,36.39999999999998,238
60.77408929410994,20,36.59999999999998,239
61.359934294904754,20,36.79999999999998,240
62.228882819065234,20,36.999999999999986,241
62.43749573797528,20,37.19999999999999,243
62.58919736882787,20,37.39999999999999,244
63.18000434107454,20,37.599999999999994,245
63.35927792996605,20,37.8,246
63.514878110597465,20,38.0,249
63.703280141195634,20,38.2,250
63.87479801268258,20,38.400000000000006,251
64.48440358275893,20,38.60000000000001,252
64.65906327312123,20,38.80000000000001,253
64.82468301920422,20,39.000000000000014,255
65.02840724021443,20,39.20000000000002,256
65.1624782590581,20,39.40000000000002,257
65.7615335312538,20,39.60000000000002,258
66.72026684708229,20,39.800000000000026,259
66.82543900094166,20,40.00000000000003,262
67.0311375664647,20,40.20000000000003,263
67.20221974460544,20,40.400000000000034,264
67.36448026620995,20,40.60000000000004,265
67.97600831182685,20,40.80000000000004,266
68.12253652085509,20,41.00000000000004,268
68.7496728794529,20,41.200000000000045,269
68.92538209933053,20,41.40000000000005,270
69.839028985803,20,41.60000000000005,271
69.98936302369984,20,41.800000000000054,272
70.1737635656296,20,42.00000000000006,275
70.32445821443126,20,42.20000000000006,276
70.89966792738805,20,42.40000000000006,277
71.0741276042057,20,42.600000000000065,278
71.23883030992607,20,42.80000000000007,279
71.41171964451372,20,43.00000000000007,281
71.58291037431698,20,43.200000000000074,282
72.18574986994001,20,43.40000000000008,283
72.35456145918513,20,43.60000000000008,284
73.28452490277604,20,43.80000000000008,285
73.46558176822556,20,44.000000000000085,288
73.6479457178961,20,44.20000000000009,289
73.78930434784967,20,44.40000000000009,290
74.39009239358889,20,44.600000000000094,291
74.56665668671491,20,44.8000000000001,292
74.68435256427459,20,45.0000000000001,294
74.92491045276857,20,45.2000000000001,295
75.09936227565996,20,45.400000000000105,296
75.67729229472603,20,45.60000000000011,297
76.5796427213721,20,45.80000000000011,298
76.75997804866147,20,46.000000000000114,301
76.92987588861466,20,46.20000000000012,302
77.13090937349473,20,46.40000000000012,303
77.70296065627586,20,46.60000000000012,304
77.9301095267217,20,46.800000000000125,305
78.0855602460113,20,47.00000000000013,307
78.9808114968486,20,47.20000000000013,308
79.1461619618524,20,47.400000000000134,309
79.31417349432587,20,47.600000000000136,310
79.87777400037668,20,47.80000000000014,311
80.05138480125551,20,48.00000000000014,314
80.69984756019963,20,48.200000000000145,315
80.86667091220468,20,48.40000000000015,316
81.03806863411482,20,48.60000000000015,317
81.20042877606552,20,48.80000000000015,318
81.36408729257288,20,49.000000000000156,320
81.51570802947305,20,49.20000000000016,321
81.65327916125777,20,49.40000000000016,322
82.27513915017072,20,49.600000000000165,323
82.44117030852031,20,49.80000000000017,324
83.38604064597838,20,50.00000000000017,327
83.5829907463843,20,50.20000000000017,328
83.71795889236422,20,50.400000000000176,329
84.34845626348731,20,50.60000000000018,330
85.2779858333507,20,50.80000000000018,331
85.4609667948173,20,51.000000000000185,333
85.59881136592374,20,51.20000000000019,334
85.75290706301939,20,51.40000000000019,335
85.90591372333151,20,51.60000000000019,336
86.5368575939822,20,51.800000000000196,337
86.7085695818081,20,52.0000000000002,340
86.89423309381019,20,52.2000000000002,341
87.04997843017136,20,52.400000000000205,342
87.22954134651934,20,52.60000000000021,343
87.81675913368662,20,52.80000000000021,344
87.96480300665914,20,53.00000000000021,346
88.93109104835857,20,53.200000000000216,347
89.08074371876842,20,53.40000000000022,348
89.2505551000755,20,53.60000000000022,349
89.88654809519551,20,53.800000000000225,350
90.04875182839848,20,54.00000000000023,353
91.41697997411184,20,54.20000000000023,354
91.60907895259315,20,54.40000000000023,355
91.753232897371,20,54.600000000000236,356
91.93132015337129,20,54.80000000000024,357
92.08265388531291,20,55.00000000000024,359
92.25958312863222,20,55.200000000000244,360
92.44291857735706,20,55.40000000000025,361
93.01896936262094,20,55.60000000000025,362
93.20921966781135,20,55.80000000000025,363
93.38391661841676,20,56.000000000000256,366
93.55645340805567,20,56.20000000000026,367
93.69825908708792,20,56.40000000000026,368
94.27970415225626,20,56.600000000000264,369
94.43242830544831,20,56.80000000000027,370
94.60519169211554,20,57.00000000000027,372
94.74366691118179,20,57.20000000000027,373
94.94587204748694,20,57.400000000000276,374
96.29815064226615,20,57.60000000000028,375
96.4837389486579,20,57.80000000000028,376
96.6725911124544,20,58.000000000000284,379
96.81865221867335,20,58.20000000000029,380
97.02892775526921,20,58.40000000000029,381
97.19022879795004,20,58.60000000000029,382
97.79245125928381,20,58.800000000000296,383
97.9529777020175,20,59.0000000000003,385
98.92220675740715,20,59.2000000000003,386
99.06663364062443,20,59.400000000000304,387
99.22722016075981,20,59.60000000000031,388
99.86349452240097,20,59.80000000000031,389
100.78951648995151,20,60.00000000000031,392
100.95142701934438,20,60.200000000000315,393
101.11551762522362,20,60.40000000000032,394
101.29724411107104,20,60.60000000000032,395
101.90631642062874,20,60.800000000000324,396
102.08081257919972,20,61.00000000000033,398
102.2681338093436,20,61.20000000000033,399
102.40527457537357,20,61.40000000000033,400
102.59848005231643,20,61.600000000000335,401
103.17495965220756,20,61.80000000000034,402
103.34155317034242,20,62.00000000000034,405
103.44845518715826,20,62.200000000000344,406
103.63485385652665,20,62.40000000000035,407
103.78084424984687,20,62.60000000000035,408
103.98411756695847,20,62.80000000000035,409
104.5743117351496,20,63.000000000000355,411
104.73889888075408,20,63.20000000000036,412
105.62724599708902,20,63.40000000000036,413
105.81282457395086,20,63.600000000000364,414
106.4381572139148,20,63.80000000000037,415
107.04860851978258,20,64.00000000000037,418
107.20145188334868,20,64.20000000000037,419
107.42330689067943,20,64.40000000000038,420
108.29813799700933,20,64.60000000000038,421
108.48850714607117,20,64.80000000000038,422
108.66059820382267,20,65.00000000000038,424
108.84987588615819,20,65.20000000000039,425
108.97917992268324,20,65.40000000000039,426
109.16224160739527,20,65.60000000000039,427
109.76811040927795,20,65.8000000000004,428
109.93767694433203,20,66.0000000000004,431
110.12215336300926,20,66.2000000000004,432
110.27689826769402,20,66.4000000000004,433
110.89679492481308,20,66.6000000000004,434
111.07068111123574,20,66.80000000000041,435
111.96220340446587,20,67.00000000000041,437
112.14619024529102,20,67.20000000000041,438
112.30055423462588,20,67.40000000000042,439
112.46645609233175,20,67.60000000000042,440
113.05719056465489,20,67.80000000000042,441
113.25477956178908,20,68.00000000000043,444
113.38126865443034,20,68.20000000000043,445
113.54640406488775,20,68.40000000000043,446
114.13419351615968,20,68.60000000000043,447
114.33508669238051,20,68.80000000000044,448
114.49867262475131,20,69.00000000000044,450
114.6273834749749,20,69.20000000000044,451
115.26862367967824,20,69.40000000000045,452
115.42324451100116,20,69.60000000000045,453
116.30456224661589,20,69.80000000000045,454
116.52185290956187,20,70.00000000000045,457
116.66340160866874,20,70.20000000000046,458
116.81678676733156,20,70.40000000000046,459
117.43014834595459,20,70.60000000000046,460
117.59707910780902,20,70.80000000000047,461
117.79553657082428,20,71.00000000000047,463
118.69499404393544,20,71.20000000000047,464
118.88092255177001,20,71.40000000000047,465
119.04749197231365,20,71.60000000000048,466
119.21522720939447,20,71.80000000000048,467
119.80648433196767,20,72.00000000000048,470
119.97989468097467,20,72.20000000000049,471
120.14501385473802,20,72.40000000000049,472
120.2959251849397,20,72.60000000000049,473
120.90509152894177,20,72.8000000000005,474
121.07948337868717,20,73.0000000000005,476
121.22145146996172,20,73.2000000000005,477
121.37587925235788,20,73.4000000000005,478
122.31925866693862,20,73.6000000000005,479
122.91862763149608,20,73.80000000000051,480
123.0940322240352,20,74.00000000000051,483
123.26598211836016,20,74.20000000000051,484
124.65852001688167,20,74.40000000000052,485
124.83810027865688,20,74.60000000000052,486
125.02368280714501,20,74.80000000000052,487
125.15551047998349,20,75.00000000000053,489
125.33775325269383,20,75.20000000000053,490
125.51697860505367,20,75.40000000000053,491
126.09681699655403,20,75.60000000000053,492
126.29125850108228,20,75.80000000000054,493
126.40166200877589,20,76.00000000000054,496
126.57661631298909,20,76.20000000000054,497
126.75182920630249,20,76.40000000000055,498
126.9378532896825,20,76.60000000000055,499
127.50442384477593,20,76.80000000000055,500
128.43533166523596,20,77.00000000000055,502
128.62872148648313,20,77.20000000000056,503
128.79046654027871,20,77.40000000000056,504
128.94591075627744,20,77.60000000000056,505
129.51627048304053,20,77.80000000000057,506
129.7092438075959,20,78.00000000000057,509
129.86356891726675,20,78.20000000000057,510
130.54847614136023,20,78.40000000000057,511
130.66855222876086,20,78.60000000000058,512
130.80368446662575,20,78.80000000000058,513
131.7960503461689,20,79.00000000000058,515
131.94341015276964,20,79.20000000000059,516
132.04714173644854,20,79.40000000000059,517
132.26651770734767,20,79.60000000000059,518
132.82588906513294,20,79.8000000000006,519
132.98734688755326,20,80.0000000000006,522
133.1506860477476,20,80.2000000000006,523
133.31429531538245,20,80.4000000000006,524
133.49904577816892,20,80.6000000000006,525
134.0608760558747,20,80.80000000000061,526
135.0184512433486,20,81.00000000000061,528
135.62087894958898,20,81.20000000000061,529
135.78254476470553,20,81.40000000000062,530
135.93240619534828,20,81.60000000000062,531
136.13122462508667,20,81.80000000000062,532
136.2953666299424,20,82.00000000000063,535
136.4303193399434,20,82.20000000000063,536
136.5737617926564,20,82.40000000000063,537
137.1842062145689,20,82.60000000000063,538
137.39759826055433,20,82.80000000000064,539
137.58524182983476,20,83.00000000000064,541
138.9047714026229,20,83.20000000000064,542
139.0976700339423,20,83.40000000000065,543
139.2411403998957,20,83.60000000000065,544
139.4602290118135,20,83.80000000000065,545
139.58086302408012,20,84.00000000000065,548
139.7041193035816,20,84.20000000000066,549
140.31621669868574,20,84.40000000000066,550
140.47206572015344,20,84.60000000000066,551
140.65823286937388,20,84.80000000000067,552
140.83503509466257,20,85.00000000000067,554
140.97288123333178,20,85.20000000000067,555
141.17000243425818,20,85.40000000000067,556
142.11524426963516,20,85.60000000000068,557
142.29150103143454,20,85.80000000000068,558
142.8920225175215,20,86.00000000000068,561
143.4733688479449,20,86.20000000000068,562
143.643294069006,20,86.40000000000069,563
143.84554022318244,20,86.60000000000069,564
144.78344803330606,20,86.8000000000007,565
144.94930506038432,20,87.0000000000007,567
145.12198712912428,20,87.2000000000007,568
145.293798699492,20,87.4000000000007,569
145.88788273355695,20,87.6000000000007,570
146.05307797735927,20,87.80000000000071,571
146.20996717952485,20,88.00000000000071,574
146.38333321744867,20,88.20000000000071,575
146.9655697004169,20,88.40000000000072,576
147.12587503574153,20,88.60000000000072,577
147.33070167946966,20,88.80000000000072,578
147.4743562911157,20,89.00000000000072,580
148.84775243939498,20,89.20000000000073,581
149.02542913698323,20,89.40000000000073,582
149.18316547235597,20,89.60000000000073,583
149.36697678150026,20,89.80000000000074,584
149.5544755180008,20,90.00000000000074,587
149.7039586903593,20,90.20000000000074,588
149.87574695214846,20,90.40000000000074,589
150.4729085470362,20,90.60000000000075,590
150.63112288675813,20,90.80000000000075,591
150.8156635638483,20,91.00000000000075,593
150.99994850822821,20,91.20000000000076,594
151.6231721805714,20,91.40000000000076,595
152.5196285052471,20,91.60000000000076,596
152.67688722326128,20,91.80000000000076,597
152.87110460812087,20,92.00000000000077,600
153.034184486554,20,92.20000000000077,601
153.2036747895162,20,92.40000000000077,602
153.37379014846087,20,92.60000000000078,603
153.9470172864499,20,92.80000000000078,604
154.1458667994404,20,93.00000000000078,606
155.10066860171938,20,93.20000000000078,607
155.25344178384663,20,93.40000000000079,608
155.4758203867877,20,93.60000000000079,609
156.02128949182818,20,93.8000000000008,610
156.94716475526354,20,94.0000000000008,613
157.1112071617917,20,94.2000000000008,614
157.27763768725742,20,94.4000000000008,615
157.4353199667088,20,94.6000000000008,616
157.99914476222713,20,94.80000000000081,617
158.19563539533692,20,95.00000000000081,619
158.3663762963226,20,95.20000000000081,620
158.5453886731525,20,95.40000000000082,621
158.6760122806164,20,95.60000000000082,622
159.2786253507075,20,95.80000000000082,623
159.42983549896144,20,96.00000000000082,626
159.63066497077864,20,96.20000000000083,627
159.81361560667935,20,96.40000000000083,628
159.93575348404585,20,96.60000000000083,629
161.2880916465362,20,96.80000000000084,630
161.4792248697271,20,97.00000000000084,632
161.63145239358647,20,97.20000000000084,633
161.79160452460616,20,97.40000000000084,634
162.3674759474776,20,97.60000000000085,635
162.55617068675886,20,97.80000000000085,636
162.72581152386266,20,98.00000000000085,639
162.92593151304106,20,98.20000000000086,640
163.06556221387885,20,98.40000000000086,641
163.23810793822335,20,98.60000000000086,642
164.61591544614254,20,98.80000000000086,643
164.79122048266572,20,99.00000000000087,645
164.95190888239597,20,99.20000000000087,646
165.11225823367192,20,99.40000000000087,647
165.7031312483578,20,99.60000000000088,648
165.87578310825336,20,99.80000000000088,649
166.01693954688588,20,100.00000000000088,652
166.21249667085485,20,100.20000000000088,653
166.83659176276126,20,100.40000000000089,654
166.98895124963028,20,100.60000000000089,655
167.16268018252063,20,100.80000000000089,656
167.35140309856845,20,101.0000000000009,658
168.2934158524422,20,101.2000000000009,659
168.42813327725963,20,101.4000000000009,660
169.04175276751565,20,101.6000000000009,661
169.19984909051811,20,101.8000000000009,662
169.40831718944375,20,102.00000000000091,665
169.53214649431007,20,102.20000000000091,666
169.6938813784096,20,102.40000000000092,667
170.33590312819047,20,102.60000000000092,668
170.46403378579723,20,102.80000000000092,669
170.60866282036977,20,103.00000000000092,671
170.835568402461,20,103.20000000000093,672
171.78532978955462,20,103.40000000000093,673
172.37376124828924,20,103.60000000000093,674
172.530070108106,20,103.80000000000094,675
172.7475643226641,20,104.00000000000094,678
173.32536177320142,20,104.20000000000094,679
173.49405566161647,20,104.40000000000094,680
173.67678616598837,20,104.60000000000095,681
173.81655984334563,20,104.80000000000095,682
174.41701634748216,20,105.00000000000095,684
175.38940980859923,20,105.20000000000095,685
175.5263347943299,20,105.40000000000096,686
175.70248347950752,20,105.60000000000096,687
175.85671994019984,20,105.80000000000096,688
176.0414242751396,20,106.00000000000097,691
176.23892950847957,20,106.20000000000097,692
177.57996486266512,20,106.40000000000097,693
177.78165571232498,20,106.60000000000097,694
177.94921097969979,20,106.80000000000098,695
178.07695331585046,20,107.00000000000098,697
178.24465409473598,20,107.20000000000098,698
178.43856976213138,20,107.40000000000099,699
178.59026812046244,20,107.60000000000099,700
179.1800369789444,20,107.80000000000099,701
179.33553697128355,20,108.000000000001,704
179.51502318872042,20,108.200000000001,705
180.14360486316644,20,108.400000000001,706
180.31745098994764,20,108.600000000001,707
180.48658917421545,20,108.800000000001,708
180.6493787918833,20,109.00000000000101,710
180.82071641174272,20,109.20000000000101,711
181.4342829146692,20,109.40000000000101,712
182.33035709787478,20,109.60000000000102,713
182.48099738289557,20,109.80000000000102,714
182.69568108921808,20,110.00000000000102,717
182.8299468849411,20,110.20000000000103,718
183.0239386950697,20,110.40000000000103,719
183.59262514025693,20,110.60000000000103,720
183.7654893959538,20,110.80000000000103,721
183.91895023327646,20,111.00000000000104,723
184.07790522220228,20,111.20000000000104,724
184.2992098620018,20,111.40000000000104,725
184.8989704493973,20,111.60000000000105,726
185.87747074573326,20,111.80000000000105,727
186.0007269817429,20,112.00000000000105,730
186.18701129214853,20,112.20000000000105,731
186.38635000166542,20,112.40000000000106,732
186.52313072856646,20,112.60000000000106,733
187.13259320355394,20,112.80000000000106,734
187.2938095002312,20,113.00000000000107,736
187.47365609357948,20,113.20000000000107,737
188.3924128276098,20,113.40000000000107,738
188.5712052776117,20,113.60000000000107,739
189.140252750606,20,113.80000000000108,740
190.51394596270902,20,114.00000000000108,743
190.67936549935968,20,114.20000000000108,744
190.84641817408254,20,114.40000000000109,745
191.020944532176,20,114.60000000000109,746
191.18820996312283,20,114.80000000000109,747
191.39861786864705,20,115.0000000000011,749
191.58172272532428,20,115.2000000000011,750
192.18073318899238,20,115.4000000000011,751
192.3103627536797,20,115.6000000000011,752
192.47198563333845,20,115.8000000000011,753
192.6459207361704,20,116.00000000000111,756
192.84277702862963,20,116.20000000000111,757
193.01694898501603,20,116.40000000000111,758
193.64296313406996,20,116.60000000000112,759
194.5187265016728,20,116.80000000000112,760
194.7035772578627,20,117.00000000000112,762
194.89479362414065,20,117.20000000000113,763
195.0307646479415,20,117.40000000000113,764
195.60061044610447,20,117.60000000000113,765
195.74069027221577,20,117.80000000000113,766
195.92997398496271,20,118.00000000000114,769
196.11635854638885,20,118.20000000000114,770
196.74286769298618,20,118.40000000000114,771
196.82990078082696,20,118.60000000000115,772
197.05679872331635,20,118.80000000000115,773
197.17827644560623,20,119.00000000000115,775
198.13334435602061,20,119.20000000000115,776
198.76076193947918,20,119.40000000000116,777
198.87670179775319,20,119.60000000000116,778
199.04500827929,20,119.80000000000116,779
199.23189937810895,20,120.00000000000117,782
199.4299481522341,20,120.20000000000117,783
200.78421127252855,20,120.40000000000117,784
200.96858009217462,20,120.60000000000117,785
201.1379190624296,20,120.80000000000118,786
201.27436007119388,20,121.00000000000118,788
201.45284198157142,20,121.20000000000118,789
201.5953450163173,20,121.40000000000119,790
201.69763824453608,20,121.60000000000119,791
202.35315833479657,20,121.80000000000119,792
202.5218867241167,20,122.0000000000012,795
202.69460960844197,20,122.2000000000012,796
202.87311337940776,20,122.4000000000012,797
204.2154340719384,20,122.6000000000012,798
204.37231815335258,20,122.8000000000012,799
204.53683210984786,20,123.00000000000121,801
204.71534758772955,20,123.20000000000121,802
204.86541175565932,20,123.40000000000121,803
205.49960341053816,20,123.60000000000122,804
205.73759606681705,20,123.80000000000122,805
205.83039019915884,20,124.00000000000122,808
206.0067517358569,20,124.20000000000122,809
206.202426383389,20,124.40000000000123,810
206.807469308923,20,124.60000000000123,811
206.96858773514577,20,124.80000000000123,812
207.12007946091282,20,125.00000000000124,814
208.01893544899008,20,125.20000000000124,815
208.2035482147944,20,125.40000000000124,816
208.38594492024714,20,125.60000000000124,817
208.55181238119863,20,125.80000000000125,818
209.13857027201416,20,126.00000000000125,821
210.00841708339908,20,126.20000000000125,822
210.20633710712542,20,126.40000000000126,823
210.39038923900347,20,126.60000000000126,824
210.5781617261633,20,126.80000000000126,825
211.17204794555326,20,127.00000000000126,827
211.35128039102204,20,127.20000000000127,828
211.48095497431265,20,127.40000000000127,829
211.67670159067475,20,127.60000000000127,830
211.80592669289774,20,127.80000000000128,831
212.45839009769188,20,128.00000000000128,834
212.6114871016832,20,128.20000000000127,835
212.75830945924076,20,128.40000000000126,836
212.95259744989295,20,128.60000000000124,837
213.5451602427905,20,128.80000000000123,838
213.70925256892133,20,129.00000000000122,840
214.6383782410813,20,129.2000000000012,841
214.81332316615234,20,129.4000000000012,842
215.41837487111113,20,129.6000000000012,843
215.58087406054585,20,129.80000000000118,844
215.72512846745235,20,130.00000000000117,847
215.90580316841755,20,130.20000000000115,848
216.042463544394,20,130.40000000000114,849
216.61569309963284,20,130.60000000000113,850
216.8302593754748,20,130.80000000000112,851
217.00471596532336,20,131.0000000000011,853
217.1800934325699,20,131.2000000000011,854
217.32368379964197,20,131.40000000000109,855
218.68744863287753,20,131.60000000000107,856
218.80557131974143,20,131.80000000000106,857
218.98930880599713,20,132.00000000000105,860
219.15505022606766,20,132.20000000000104,861
219.32321218179806,20,132.40000000000103,862
219.91829098304513,20,132.60000000000102,863
220.08786088383542,20,132.800000000001,864
221.01719058680598,20,133.000000000001,866
221.1910744450476,20,133.20000000000098,867
221.76823629189846,20,133.40000000000097,868
221.9250383793651,20,133.60000000000096,869
222.08402948739797,20,133.80000000000095,870
222.27282296980755,20,134.00000000000094,873
222.4192717549248,20,134.20000000000093,874
223.0101379483204,20,134.40000000000092,875
223.16723937423606,20,134.6000000000009,876
223.3563747267211,20,134.8000000000009,877
223.52870408140234,20,135.00000000000088,879
223.66575850385018,20,135.20000000000087,880
224.2916797467721,20,135.40000000000086,881
225.21096439570914,20,135.60000000000085,882
225.36240828933808,20,135.80000000000084,883
225.56425965159056,20,136.00000000000082,886
225.7061239290636,20,136.2000000000008,887
225.8569475697046,20,136.4000000000008,888
227.20359157718852,20,136.6000000000008,889
227.3696114262178,20,136.80000000000078,890
227.5237446936126,20,137.00000000000077,892
227.68271807144853,20,137.20000000000076,893
227.852392849326,20,137.40000000000074,894
228.45394179696606,20,137.60000000000073,895
228.66826793153496,20,137.80000000000072,896
228.8029506389907,20,138.0000000000007,899
228.99184510538066,20,138.2000000000007,900
229.16076038812014,20,138.4000000000007,901
229.77207400338764,20,138.60000000000068,902
229.91615047885236,20,138.80000000000067,903
230.88111166782122,20,139.00000000000065,905
231.0449157834591,20,139.20000000000064,906
231.17159420790006,20,139.40000000000063,907
231.78301241751825,20,139.60000000000062,908
231.93255838344044,20,139.8000000000006,909
232.12519234717792,20,140.0000000000006,912
232.7073110221995,20,140.20000000000059,913
232.84793731870857,20,140.40000000000057,914
233.04321738465234,20,140.60000000000056,915
233.23158865296017,20,140.80000000000055,916
233.40713751167317,20,141.00000000000054,918
233.59152896866726,20,141.20000000000053,919
234.4787320657979,20,141.40000000000052,920
235.12791666338234,20,141.6000000000005,921
235.25971471399515,20,141.8000000000005,922
235.4048269580718,20,142.00000000000048,925
235.57779316858554,20,142.20000000000047,926
235.77235152209713,20,142.40000000000046,927
236.371736946433,20,142.60000000000045,928
237.28840486509756,20,142.80000000000044,929
237.4530459994461,20,143.00000000000043,931
237.65795097450768,20,143.20000000000041,932
237.83094934164322,20,143.4000000000004,933
237.9848914042849,20,143.6000000000004,934
238.5673936315621,20,143.80000000000038,935
238.7455739717197,20,144.00000000000037,938
238.92130954645768,20,144.20000000000036,939
239.5203897932591,20,144.40000000000035,940
239.67131105571977,20,144.60000000000034,941
239.839042455712,20,144.80000000000032,942
240.7898061149925,20,145.0000000000003,944
240.96622664070438,20,145.2000000000003,945
241.57745133287216,20,145.4000000000003,946
241.68493938268296,20,145.60000000000028,947
241.87886968618392,20,145.80000000000027,948
242.05427164305948,20,146.00000000000026,951
242.26276078837972,20,146.20000000000024,952
242.41130896473487,20,146.40000000000023,953
243.81226348209844,20,146.60000000000022,954
243.95997643509355,20,146.8000000000002,955
244.12722950829624,20,147.0000000000002,957
244.30191126520995,20,147.2000000000002,958
244.44056712527157,20,147.40000000000018,959
244.5541947783479,20,147.60000000000016,960
245.20547941988977,20,147.80000000000015,961
245.38531658880473,20,148.00000000000014,964
245.5335568574416,20,148.20000000000013,965
245.68407537611807,20,148.40000000000012,966
245.84324621158893,20,148.6000000000001,967
246.4350729159484,20,148.8000000000001,968
246.6773138208423,20,149.00000000000009,970
247.54914428532783,20,149.20000000000007,971
247.6889462013572,20,149.40000000000006,972
248.28643295749376,20,149.60000000000005,973
248.47244001963966,20,149.80000000000004,974
248.6723643413042,20,150.00000000000003,977
248.80145696081587,20,150.20000000000002,978
250.17806081306256,20,150.4,979
250.35200328823734,20,150.6,980
250.53075718652423,20,150.79999999999998,981
250.6861686331096,20,150.99999999999997,982
250.82194873024912,20,151.19999999999996,984
251.01648955580512,20,151.39999999999995,985
251.22809723195283,20,151.59999999999994,986
251.79045337833787,20,151.79999999999993,987
251.96563563384882,20,151.99999999999991,988
252.1239381589515,20,152.1999999999999,991
252.27873955662037,20,152.3999999999999,992
252.90019423108706,20,152.59999999999988,993
253.06697035379628,20,152.79999999999987,994
253.9453723821304,20,152.99999999999986,995
254.11226991568702,20,153.19999999999985,997
254.28852245519906,20,153.39999999999984,998
254.4829570157301,20,153.59999999999982,999
255.07387265482237,20,153.7999999999998,1000
255.27536444387596,20,153.9999999999998,1001
255.44674332906217,20,154.1999999999998,1004
255.60610320658242,20,154.39999999999978,1005
256.19768998792995,20,154.59999999999977,1006
257.0779268018958,20,154.79999999999976,1007
257.2294144533096,20,154.99999999999974,1008
257.4437608749852,20,155.19999999999973,1010
257.60876777929684,20,155.39999999999972,1011
257.7536830873815,20,155.5999999999997,1012
258.3488825735334,20,155.7999999999997,1013
258.52732304647424,20,155.9999999999997,1014
258.7034583355024,20,156.19999999999968,1017
258.8488308655151,20,156.39999999999966,1018
259.4134499109709,20,156.59999999999965,1019
259.60034062262974,20,156.79999999999964,1020
259.75375792331204,20,156.99999999999963,1021
260.6834958142213,20,157.19999999999962,1023
260.8406063735663,20,157.3999999999996,1024
261.0147622918375,20,157.5999999999996,1025
261.5885979926669,20,157.79999999999959,1026
261.7848153131623,20,157.99999999999957,1027
261.9487166514903,20,158.19999999999956,1030
262.0980791672417,20,158.39999999999955,1031
262.683022367595,20,158.59999999999954,1032
262.86917174100654,20,158.79999999999953,1033
264.25429282534253,20,158.99999999999952,1034
264.3712029667002,20,159.1999999999995,1036
264.57840272289974,20,159.3999999999995,1037
264.69923940534426,20,159.59999999999948,1038
264.86660714303645,20,159.79999999999947,1039
265.04296896685855,20,159.99999999999946,1040
265.2340348384537,20,160.19999999999945,1043
265.86513093043976,20,160.39999999999944,1044
265.9721581273063,20,160.59999999999943,1045
266.1036243834579,20,160.79999999999941,1046
266.31838277291143,20,160.9999999999994,1047
266.4838112642669,20,161.1999999999994,1049
266.6656886991052,20,161.39999999999938,1050
267.5863272220487,20,161.59999999999937,1051
267.7553046618731,20,161.79999999999936,1052
268.7928746543553,20,161.99999999999935,1053
268.97534348484504,20,162.19999999999933,1056
269.87464569722704,20,162.39999999999932,1057
270.09047010508687,20,162.5999999999993,1058
270.25434680621936,20,162.7999999999993,1059
270.4235399347375,20,162.9999999999993,1060
270.58608725159957,20,163.19999999999928,1062
270.7325360709182,20,163.39999999999927,1063
271.3245546619337,20,163.59999999999926,1064
271.4882651552578,20,163.79999999999924,1065
271.6553106023729,20,163.99999999999923,1066
271.8099525509393,20,164.19999999999922,1069
272.3849589720421,20,164.3999999999992,1070
272.5453617420628,20,164.5999999999992,1071
272.70786780732726,20,164.7999999999992,1072
272.881562623779,20,164.99999999999918,1073
273.4759226407425,20,165.19999999999916,1075
274.44155722704596,20,165.39999999999915,1076
274.6137208605148,20,165.59999999999914,1077
274.7168340772453,20,165.79999999999913,1078
274.9267017530005,20,165.99999999999912,1079
275.0685407617873,20,166.1999999999991,1082
276.4315991209652,20,166.3999999999991,1083
276.6073183296354,20,166.59999999999908,1084
276.79857958980045,20,166.79999999999907,1085
276.9066903687499,20,166.99999999999906,1086
277.1037240652337,20,167.19999999999905,1088
277.25795279361694,20,167.39999999999904,1089
277.48525428712696,20,167.59999999999903,1090
278.0389542365104,20,167.79999999999902,1091
278.22765211966845,20,167.999999999999,1092
278.39510912941813,20,168.199999999999,1095
278.5160109934712,20,168.39999999999898,1096
278.7512164106345,20,168.59999999999897,1097
279.3780621171897,20,168.79999999999896,1098
279.50464058001995,20,168.99999999999895,1099
279.66405936282825,20,169.19999999999894,1101
280.6208064651993,20,169.39999999999893,1102
280.7685782785488,20,169.59999999999891,1103
281.42495845128065,20,169.7999999999989,1104
282.0018950235143,20,169.9999999999989,1105
282.17669867719206,20,170.19999999999888,1108
282.3402814182026,20,170.39999999999887,1109
282.5196280188436,20,170.59999999999886,1110
282.67074907808757,20,170.79999999999885,1111
284.0656932357681,20,170.99999999999883,1112
284.22972345750884,20,171.19999999999882,1114
284.3435089539483,20,171.3999999999988,1115
284.4801495537624,20,171.5999999999988,1116
284.69487499551366,20,171.7999999999988,1117
284.87249114658056,20,171.99999999999878,1118
284.9809149151842,20,172.19999999999877,1121
285.1708221644802,20,172.39999999999876,1122
285.8081350836021,20,172.59999999999874,1123
285.96746248094036,20,172.79999999999873,1124
286.11528202595713,20,172.99999999999872,1125
287.51316687415834,20,173.1999999999987,1127
287.66320908208877,20,173.3999999999987,1128
287.8555539463264,20,173.5999999999987,1129
287.9685344206134,20,173.79999999999868,1130
288.159792435835,20,173.99999999999866,1131
288.3412212577492,20,174.19999999999865,1134
288.4664805316853,20,174.39999999999864,1135
289.07828187001536,20,174.59999999999863,1136
289.2882658462632,20,174.79999999999862,1137
289.43220207691843,20,174.9999999999986,1138
289.59798401079826,20,175.1999999999986,1140
290.91133493430254,20,175.39999999999858,1141
291.1689286539234,20,175.59999999999857,1142
291.3230796133998,20,175.79999999999856,1143
291.47987708993617,20,175.99999999999855,1144
291.7053599394412,20,176.19999999999854,1147
291.81887545873155,20,176.39999999999853,1148
292.05849252680656,20,176.59999999999852,1149
292.6310611817917,20,176.7999999999985,1150
292.73700240825644,20,176.9999999999985,1151
292.95713522311405,20,177.19999999999848,1153
293.0715215782211,20,177.39999999999847,1154
293.2562740967346,20,177.59999999999846,1155
294.63997382175836,20,177.79999999999845,1156
294.79945256662376,20,177.99999999999844,1157
294.9585697430188,20,178.19999999999843,1160
295.11019301212264,20,178.3999999999984,1161
295.6875582369204,20,178.5999999999984,1162
295.88137480215426,20,178.7999999999984,1163
296.02987260454694,20,178.99999999999838,1164
296.2388333312205,20,179.19999999999837,1166
296.37260675545286,20,179.39999999999836,1167
297.324157568182,20,179.59999999999835,1168
297.4664460511687,20,179.79999999999833,1169
298.0923875664421,20,179.99999999999832,1170
299.05304708071645,20,180.1999999999983,1173
299.1805719459664,20,180.3999999999983,1174
299.3670063924313,20,180.5999999999983,1175
299.97515940183746,20,180.79999999999828,1176
300.08093503308584,20,180.99999999999827,1177
300.29809802803373,20,181.19999999999825,1179
300.42636938990256,20,181.39999999999824,1180
300.6184432471489,20,181.59999999999823,1181
301.2058800133003,20,181.79999999999822,1182
301.37548726789396,20,181.9999999999982,1183
301.5350377253224,20,182.1999999999982,1186
301.71606111496675,20,182.3999999999982,1187
301.8583531381282,20,182.59999999999818,1188
302.47656184753725,20,182.79999999999816,1189
302.63905266943027,20,182.99999999999815,1190
302.7774012580897,20,183.19999999999814,1192
304.1319066123029,20,183.39999999999813,1193
304.3140454053272,20,183.59999999999812,1194
304.4565142744647,20,183.7999999999981,1195
304.65330327315456,20,183.9999999999981,1196
304.8218345728194,20,184.19999999999808,1199
305.0083172485771,20,184.39999999999807,1200
305.6317068694963,20,184.59999999999806,1201
305.78708153960815,20,184.79999999999805,1202
305.9524401909887,20,184.99999999999804,1203
306.1033615040377,20,185.19999999999803,1205
306.3027398557487,20,185.39999999999802,1206
306.91137706332586,20,185.599999999998,1207
307.7933993480556,20,185.799999999998,1208
307.96516817086376,20,185.99999999999798,1209
308.12241714065556,20,186.19999999999797,1212
308.27812180680917,20,186.39999999999796,1213
309.68477634889604,20,186.59999999999795,1214
309.8279887731512,20,186.79999999999794,1215
310.00571695509495,20,186.99999999999793,1216
310.1717406622641,20,187.1999999999979,1218
310.33852756925114,20,187.3999999999979,1219
310.5485465889026,20,187.5999999999979,1220
311.1460121111588,20,187.79999999999788,1221
312.0760204642202,20,187.99999999999787,1222
312.26862440623717,20,188.19999999999786,1225
312.4491115605814,20,188.39999999999785,1226
312.62675465080554,20,188.59999999999783,1227
313.2213357474319,20,188.79999999999782,1228
313.35361522376945,20,188.9999999999978,1229
313.5136911403565,20,189.1999999999978,1231
313.6698142685471,20,189.3999999999978,1232
313.84311222566527,20,189.59999999999778,1233
314.43729524354006,20,189.79999999999777,1234
314.5652586951357,20,189.99999999999775,1235
314.77145256713465,20,190.19999999999774,1238
314.92350102065666,20,190.39999999999773,1239
315.09517602517747,20,190.59999999999772,1240
315.71298693214993,20,190.7999999999977,1241
316.66458253565185,20,190.9999999999977,1242
316.8198203405976,20,191.1999999999977,1244
316.98664842659076,20,191.39999999999768,1245
317.11704390487927,20,191.59999999999766,1246
317.739978527513,20,191.79999999999765,1247
317.9309463948034,20,191.99999999999764,1248
319.2733339094978,20,192.19999999999763,1251
319.4442497828724,20,192.39999999999762,1252
319.64361316538424,20,192.5999999999976,1253
319.8219755853188,20,192.7999999999976,1254
319.9856750617673,20,192.99999999999758,1255
320.1340940003532,20,193.19999999999757,1257
320.32168328014825,20,193.39999999999756,1258
320.84603495803947,20,193.59999999999755,1259
320.99516515761434,20,193.79999999999754,1260
321.1662765140541,20,193.99999999999753,1261
321.3567333812544,20,194.19999999999752,1264
321.51275052337445,20,194.3999999999975,1265
321.6906757708006,20,194.5999999999975,1266
322.27240936556717,20,194.79999999999748,1267
322.8948483911901,20,194.99999999999747,1268
323.05578797558957,20,195.19999999999746,1270
324.0122998202152,20,195.39999999999745,1271
324.1804299479554,20,195.59999999999744,1272
324.3696375533229,20,195.79999999999742,1273
324.5252212957917,20,195.9999999999974,1274
325.4918487240122,20,196.1999999999974,1277
325.64379131799734,20,196.3999999999974,1278
326.23472421395354,20,196.59999999999738,1279
326.4173264918041,20,196.79999999999737,1280
326.5588509323486,20,196.99999999999736,1281
326.73862601998945,20,197.19999999999735,1283
326.91076953840263,20,197.39999999999733,1284
327.522702352422,20,197.59999999999732,1285
327.7241569045777,20,197.7999999999973,1286
327.8809889536474,20,197.9999999999973,1287
328.0626304968364,20,198.1999999999973,1290
328.6903336423488,20,198.39999999999728,1291
329.6077386822652,20,198.59999999999727,1292
329.7490994518461,20,198.79999999999725,1293
329.89445206535487,20,198.99999999999724,1294
330.06648303199336,20,199.19999999999723,1296
330.27581287895316,20,199.39999999999722,1297
330.40195116565343,20,199.5999999999972,1298
331.042064781063,20,199.7999999999972,1299
331.2282848160929,20,199.9999999999972,1300
331.33288888222006,20,200.19999999999717,1303
331.5544723491154,20,200.39999999999716,1304
331.6583797424913,20,200.59999999999715,1305
332.26612322074266,20,200.79999999999714,1306
333.18329741425964,20,200.99999999999713,1307
333.362643386436,20,201.19999999999712,1309
333.5049783184076,20,201.3999999999971,1310
334.15472213473436,20,201.5999999999971,1311
334.34096344543025,20,201.79999999999708,1312
334.46833163076076,20,201.99999999999707,1313
334.6316036081642,20,202.19999999999706,1316
334.80138898119515,20,202.39999999999705,1317
335.38288389467994,20,202.59999999999704,1318
335.58727853521975,20,202.79999999999703,1319
335.73378903596193,20,202.99999999999702,1320
335.93861844419325,20,203.199999999997,1322
336.07503738789813,20,203.399999999997,1323
336.65694436105383,20,203.59999999999698,1324
337.6077714071423,20,203.79999999999697,1325
337.7783184152698,20,203.99999999999696,1326
337.9177970032369,20,204.19999999999695,1329
338.05469252322223,20,204.39999999999694,1330
338.2320005565001,20,204.59999999999692,1331
338.83751909621117,20,204.7999999999969,1332
338.99310084514855,20,204.9999999999969,1333
339.5978193601799,20,205.1999999999969,1335
340.5030088611651,20,205.39999999999688,1336
340.66405517994417,20,205.59999999999687,1337
340.7887081065723,20,205.79999999999686,1338
341.7412494923863,20,205.99999999999685,1339
341.89980772064285,20,206.19999999999683,1342
342.0711361714461,20,206.39999999999682,1343
342.25258255083173,20,206.5999999999968,1344
342.8996488055306,20,206.7999999999968,1345
343.00539192280473,20,206.9999999999968,1346
343.235563980979,20,207.19999999999678,1348
343.4146711194684,20,207.39999999999677,1349
343.9876021453579,20,207.59999999999675,1350
344.186099529895,20,207.79999999999674,1351
344.3229577545767,20,207.99999999999673,1352
344.4796473979976,20,208.19999999999672,1355
344.65298693364855,20,208.3999999999967,1356
345.2146344536637,20,208.5999999999967,1357
345.4445807469393,20,208.7999999999967,1358
345.58012061323933,20,208.99999999999667,1359
345.7467603468026,20,209.19999999999666,1361
345.89960657733434,20,209.39999999999665,1362
346.5007957610254,20,209.59999999999664,1363
346.6546537992382,20,209.79999999999663,1364
347.57282409186257,20,209.99999999999662,1365
347.8346151419998,20,210.1999999999966,1368
347.9536642753035,20,210.3999999999966,1369
348.0656062507239,20,210.59999999999658,1370
348.22839176156407,20,210.79999999999657,1371
348.8206473114692,20,210.99999999999656,1372
348.9684421146836,20,211.19999999999655,1374
349.9193036472177,20,211.39999999999654,1375
350.1175164580714,20,211.59999999999653,1376
350.71576611092013,20,211.79999999999652,1377
350.88392353148873,20,211.9999999999965,1378
351.01891670840547,20,212.1999999999965,1381
351.1928803316748,20,212.39999999999648,1382
352.5551156065767,20,212.59999999999647,1383
352.75279187252636,20,212.79999999999646,1384
352.88526753123875,20,212.99999999999645,1385
353.04019371628436,20,213.19999999999644,1387
353.68024913369993,20,213.39999999999642,1388
353.8110211665765,20,213.5999999999964,1389
353.9639636871027,20,213.7999999999964,1390
354.08306423433265,20,213.9999999999964,1391
354.2989412597959,20,214.19999999999638,1394
354.8836338541162,20,214.39999999999637,1395
355.0726044365744,20,214.59999999999636,1396
355.19739918693875,20,214.79999999999634,1397
355.8703220239274,20,214.99999999999633,1398
356.0228007961142,20,215.19999999999632,1400
356.9652299500393,20,215.3999999999963,1401
357.1175342467576,20,215.5999999999963,1402
357.3019728028187,20,215.7999999999963,1403
357.4839659217035,20,215.99999999999628,1404
357.62963456283967,20,216.19999999999627,1407
358.2698022063391,20,216.39999999999625,1408
359.17817391754545,20,216.59999999999624,1409
359.30714121268426,20,216.79999999999623,1410
359.51795642284446,20,216.99999999999622,1411
359.66895244427695,20,217.1999999999962,1413
359.8428143289572,20,217.3999999999962,1414
360.0500885209102,20,217.5999999999962,1415
360.6745953573588,20,217.79999999999617,1416
360.8716014498521,20,217.99999999999616,1417
361.00077527110244,20,218.19999999999615,1420
361.19400033795125,20,218.39999999999614,1421
361.75937503803914,20,218.59999999999613,1422
361.92219671817105,20,218.79999999999612,1423
362.8782658298004,20,218.9999999999961,1424
363.009249498829,20,219.1999999999961,1426
363.21476913757965,20,219.39999999999608,1427
363.74988294516237,20,219.59999999999607,1428
363.93050843563316,20,219.79999999999606,1429
364.07960827805846,20,219.99999999999605,1430
364.22588845427214,20,220.19999999999604,1433
364.8288217295458,20,220.39999999999603,1434
364.9871156627351,20,220.59999999999602,1435
365.1621887926216,20,220.799999999996,1436
365.2964227632374,20,220.999999999996,1437
365.5129267922094,20,221.19999999999598,1439
366.1336090644626,20,221.39999999999597,1440
367.0580163486258,20,221.59999999999596,1441
367.2182610848049,20,221.79999999999595,1442
367.4203916967948,20,221.99999999999594,1443
367.58524548622745,20,222.19999999999592,1446
367.72010140750535,20,222.3999999999959,1447
367.8853284622057,20,222.5999999999959,1448
368.481086122865,20,222.7999999999959,1449
369.41106740359294,20,222.99999999999588,1450
369.5832558436372,20,223.19999999999587,1452
369.7426182949059,20,223.39999999999586,1453
369.88943751609577,20,223.59999999999584,1454
370.5530069251479,20,223.79999999999583,1455
370.67019967522407,20,223.99999999999582,1456
370.83956242936443,20,224.1999999999958,1459
371.0060626393256,20,224.3999999999958,1460
371.1720146663293,20,224.5999999999958,1461
371.76462459973123,20,224.79999999999578,1462
373.1679033313995,20,224.99999999999577,1463
373.334623112449,20,225.19999999999575,1465
373.50589289139134,20,225.39999999999574,1466
373.6566845901939,20,225.59999999999573,1467
373.8481595299401,20,225.79999999999572,1468
373.99130350908723,20,225.9999999999957,1469
374.1626618918676,20,226.1999999999957,1472
374.72779450307223,20,226.39999999999569,1473
374.89074332079053,20,226.59999999999567,1474
375.06892444760837,20,226.79999999999566,1475
375.2031714107051,20,226.99999999999565,1476
375.37791549094896,20,227.19999999999564,1478
376.3482332537099,20,227.39999999999563,1479
376.5106810759341,20,227.59999999999562,1480
377.144433214658,20,227.7999999999956,1481
377.7804646148427,20,227.9999999999956,1482
377.8804687665495,20,228.19999999999558,1485
378.0365215291691,20,228.39999999999557,1486
378.20268446407084,20,228.59999999999556,1487
379.1246595092406,20,228.79999999999555,1488
379.3093741230846,20,228.99999999999554,1489
379.48515864041735,20,229.19999999999553,1491
379.64110922115594,20,229.39999999999552,1492
380.2315863154409,20,229.5999999999955,1493
380.37236903995483,20,229.7999999999955,1494
380.5683662189484,20,229.99999999999548,1495
381.18733688923334,20,230.19999999999547,1498
381.3566358948579,20,230.39999999999546,1499
381.5277069444217,20,230.59999999999545,1500
381.725140676109,20,230.79999999999544,1501
383.11824057551155,20,230.99999999999542,1502
383.29121491171315,20,231.1999999999954,1504
383.4718288000193,20,231.3999999999954,1505
383.6203029518709,20,231.5999999999954,1506
383.78424328132087,20,231.79999999999538,1507
383.96919930770827,20,231.99999999999537,1508
384.0958541985871,20,232.19999999999536,1511
384.2976898983539,20,232.39999999999534,1512
385.6584760288351,20,232.59999999999533,1513
385.81576261399465,20,232.79999999999532,1514
386.0036278540981,20,232.9999999999953,1515
386.17341776033203,20,233.1999999999953,1517
386.32322014032064,20,233.3999999999953,1518
386.50349583426026,20,233.59999999999528,1519
386.62701590372836,20,233.79999999999526,1520
387.2484978750912,20,233.99999999999525,1521
387.42228549292895,20,234.19999999999524,1524
387.5725793622766,20,234.39999999999523,1525
387.75615249759204,20,234.59999999999522,1526
388.3437054638974,20,234.7999999999952,1527
389.7025231236747,20,234.9999999999952,1528
389.90531225826146,20,235.19999999999519,1530
390.059090960947,20,235.39999999999517,1531
390.2212890566774,20,235.59999999999516,1532
390.38636006465117,20,235.79999999999515,1533
390.5539369698368,20,235.99999999999514,1534
390.6974129632635,20,236.19999999999513,1537
391.351028497227,20,236.39999999999512,1538
391.49365514505536,20,236.5999999999951,1539
391.65642522678763,20,236.7999999999951,1540
391.83807123210926,20,236.99999999999508,1541
392.01568372278797,20,237.19999999999507,1543
392.1753349315564,20,237.39999999999506,1544
393.13448207935585,20,237.59999999999505,1545
393.7275684939924,20,237.79999999999504,1546
393.92387410717276,20,237.99999999999503,1547
394.0539073513294,20,238.19999999999501,1550
394.2480764407773,20,238.399999999995,1551
394.397196638168,20,238.599999999995,1552
394.99175049533125,20,238.79999999999498,1553
395.943376782616,20,238.99999999999497,1554
396.12066834439077,20,239.19999999999496,1556
396.72371480046894,20,239.39999999999495,1557
396.87079971164377,20,239.59999999999494,1558
397.00333823231534,20,239.79999999999492,1559
397.18841681076265,20,239.9999999999949,1560
397.82425831929515,20,240.1999999999949,1563
397.9236408828536,20,240.3999999999949,1564
398.0984258177725,20,240.59999999999488,1565
398.2893767342366,20,240.79999999999487,1566
398.4458809288764,20,240.99999999999486,1567
399.0552978670858,20,241.19999999999484,1569
399.95657190670266,20,241.39999999999483,1570
400.12389104559537,20,241.59999999999482,1571
400.2906597822884,20,241.7999999999948,1572
400.4473618434748,20,241.9999999999948,1573
400.6382602555909,20,242.1999999999948,1576
400.7895426800634,20,242.39999999999478,1577
400.9481151363013,20,242.59999999999476,1578
401.56039854832204,20,242.79999999999475,1579
401.72903710065384,20,242.99999999999474,1580
401.91122642548964,20,243.19999999999473,1582
402.0676789862313,20,243.39999999999472,1583
402.66065037900717,20,243.5999999999947,1584
403.60133340081717,20,243.7999999999947,1585
403.76682959229123,20,243.99999999999469,1586
403.9603376021746,20,244.19999999999467,1589
404.0854157550378,20,244.39999999999466,1590
404.27232218215147,20,244.59999999999465,1591
404.8820729638904,20,244.79999999999464,1592
404.99835575446815,20,244.99999999999463,1593
405.9643221417506,20,245.19999999999462,1595
406.5589250799661,20,245.3999999999946,1596
406.6815331178914,20,245.5999999999946,1597
406.8440216793279,20,245.79999999999458,1598
407.01254586043586,20,245.99999999999457,1599
407.63576338422257,20,246.19999999999456,1602
407.8298893264728,20,246.39999999999455,1603
407.9330789953639,20,246.59999999999454,1604
408.0933905495431,20,246.79999999999453,1605
408.311529398879,20,246.99999999999451,1606
408.8692460449995,20,247.1999999999945,1608
409.062860719951,20,247.3999999999945,1609
409.2266286194788,20,247.59999999999448,1610
409.37043780382874,20,247.79999999999447,1611
410.3296357965312,20,247.99999999999446,1612
410.46095913181574,20,248.19999999999445,1615
410.6154599957619,20,248.39999999999444,1616
411.21537100130365,20,248.59999999999442,1617
411.4051333674513,20,248.7999999999944,1618
411.54537923689014,20,248.9999999999944,1619
411.7324432264558,20,249.1999999999944,1621
411.9247913796805,20,249.39999999999438,1622
412.5001501456245,20,249.59999999999437,1623
413.41931175366057,20,249.79999999999436,1624
413.60448000897907,20,249.99999999999434,1625
413.76724407192955,20,250.19999999999433,1628
413.89372843425673,20,250.39999999999432,1629
414.0497753823337,20,250.5999999999943,1630
414.27052052672633,20,250.7999999999943,1631
414.8439105634085,20,250.9999999999943,1632
415.0124994031488,20,251.19999999999428,1634
416.3996396701106,20,251.39999999999426,1635
416.575576886138,20,251.59999999999425,1636
416.71055361648854,20,251.79999999999424,1637
416.88472185592394,20,251.99999999999423,1638
417.0394447230681,20,252.19999999999422,1641
417.24878233002073,20,252.3999999999942,1642
417.8239290317155,20,252.5999999999942,1643
417.99698112836165,20,252.79999999999418,1644
418.1829219373451,20,252.99999999999417,1645
418.33760149606627,20,253.19999999999416,1647
418.5163637367293,20,253.39999999999415,1648
419.06055245420464,20,253.59999999999414,1649
419.97901138221647,20,253.79999999999413,1650
420.169849033825,20,253.99999999999412,1651
420.33295791823775,20,254.1999999999941,1654
420.490660426371,20,254.3999999999941,1655
421.1367853819908,20,254.59999999999408,1656
421.2641347708328,20,254.79999999999407,1657
422.21406837304636,20,254.99999999999406,1658
422.37838760888377,20,255.19999999999405,1660
422.5761454255454,20,255.39999999999404,1661
423.135508102424,20,255.59999999999403,1662
423.255332044886,20,255.79999999999401,1663
423.4637409108402,20,255.999999999994,1664
423.63844366620236,20,256.199999999994,1667
423.7861448185956,20,256.399999999994,1668
424.4066570158655,20,256.599999999994,1669
424.5540952799987,20,256.799999999994,1670
424.72215087549307,20,256.999999999994,1671
425.6975362104226,20,257.19999999999396,1673
425.8511463897051,20,257.39999999999395,1674
426.4397255448057,20,257.59999999999394,1675
426.61406357074185,20,257.79999999999393,1676
426.77342899350003,20,257.9999999999939,1677
426.93418620603967,20,258.1999999999939,1680
427.09674600747235,20,258.3999999999939,1681
427.3106236363631,20,258.5999999999939,1682
428.6436786402575,20,258.7999999999939,1683
428.8551816101247,20,258.99999999999386,1684
428.9901975502949,20,259.19999999999385,1686
429.14675146176756,20,259.39999999999384,1687
429.354496432806,20,259.5999999999938,1688
429.4848295267874,20,259.7999999999938,1689
430.0989739067033,20,259.9999999999938,1690
430.2525285547115,20,260.1999999999938,1693
430.86335916429215,20,260.3999999999938,1694
430.97924165410603,20,260.59999999999377,1695
431.1656993908418,20,260.79999999999376,1696
431.8085993142788,20,260.99999999999375,1697
432.6938762196907,20,261.19999999999374,1699
432.8663233710067,20,261.3999999999937,1700
433.0855744284728,20,261.5999999999937,1701
433.22653578368755,20,261.7999999999937,1702
433.4235929479752,20,261.9999999999937,1703
433.5823532020701,20,262.1999999999937,1706
433.72969017876903,20,262.39999999999367,1707
434.35367658292006,20,262.59999999999366,1708
434.49537046455214,20,262.79999999999364,1709
434.68355718493166,20,262.99999999999363,1710
434.8313372592616,20,263.1999999999936,1712
434.97672052759066,20,263.3999999999936,1713
435.5297794236312,20,263.5999999999936,1714
436.4927961199248,20,263.7999999999936,1715
436.6688464033213,20,263.9999999999936,1716
436.84505880339685,20,264.19999999999357,1719
436.9863686640724,20,264.39999999999355,1720
437.5645725146875,20,264.59999999999354,1721
437.7425923039808,20,264.79999999999353,1722
437.94288720916614,20,264.9999999999935,1723
438.05106667038143,20,265.1999999999935,1725
438.2171371036245,20,265.3999999999935,1726
438.8153699010464,20,265.5999999999935,1727
439.75876858129374,20,265.7999999999935,1728
439.9347703312976,20,265.99999999999346,1729
440.1092443439616,20,266.19999999999345,1732
440.29647978017624,20,266.39999999999344,1733
440.4815399807293,20,266.59999999999343,1734
440.60033940635384,20,266.7999999999934,1735
442.0000265367161,20,266.9999999999934,1736
442.1700383306882,20,267.1999999999934,1738
442.3286210276022,20,267.3999999999934,1739
442.9136782691689,20,267.5999999999934,1740
443.0611452063143,20,267.79999999999336,1741
443.24938953580323,20,267.99999999999335,1742
443.37745236737555,20,268.19999999999334,1745
443.5457013203817,20,268.3999999999933,1746
443.7462680274204,20,268.5999999999933,1747
444.38149259065244,20,268.7999999999933,1748
444.5067441115001,20,268.9999999999933,1749
444.6962940685348,20,269.1999999999933,1751
444.8246491971179,20,269.39999999999327,1752
445.02104896270197,20,269.59999999999326,1753
446.37568351197444,20,269.79999999999325,1754
446.5556785354268,20,269.99999999999324,1755
446.7247355221721,20,270.1999999999932,1758
446.9063481262458,20,270.3999999999932,1759
447.50481658473745,20,270.5999999999932,1760
447.71232074631183,20,270.7999999999932,1761
447.82118094744806,20,270.9999999999932,1762
448.0030928389541,20,271.19999999999317,1764
448.94202122719906,20,271.39999999999316,1765
449.1642579123378,20,271.59999999999314,1766
449.71373223165597,20,271.79999999999313,1767
451.10514311703434,20,271.9999999999931,1768
451.2428567332431,20,272.1999999999931,1771
451.42252018070377,20,272.3999999999931,1772
451.60707818006574,20,272.5999999999931,1773
451.7757868287005,20,272.7999999999931,1774
451.9422937525008,20,272.99999999999307,1775
452.09148841368216,20,273.19999999999305,1777
452.71834427042035,20,273.39999999999304,1778
452.8666847038907,20,273.59999999999303,1779
453.03559761670596,20,273.799999999993,1780
453.2113504956037,20,273.999999999993,1781
454.61040023573304,20,274.199999999993,1784
454.80070907715935,20,274.399999999993,1785
454.90022307507417,20,274.599999999993,1786
455.12206597382914,20,274.79999999999296,1787
455.3038599827027,20,274.99999999999295,1788
455.50876221963904,20,275.19999999999294,1790
455.6675677525076,20,275.39999999999293,1791
456.27614362852955,20,275.5999999999929,1792
456.45175103386384,20,275.7999999999929,1793
456.61609071034195,20,275.9999999999929,1794
456.7936703981587,20,276.1999999999929,1797
457.39992540235176,20,276.3999999999929,1798
457.5345291095016,20,276.59999999999286,1799
457.755232997941,20,276.79999999999285,1800
458.69897319888446,20,276.99999999999284,1801
458.82547989213685,20,277.1999999999928,1803
458.98252659993574,20,277.3999999999928,1804
459.1930454418314,20,277.5999999999928,1805
459.7920844188675,20,277.7999999999928,1806
459.9482996060888,20,277.9999999999928,1807
460.1361274013357,20,278.19999999999277,1810
460.72017724120326,20,278.39999999999276,1811
460.8795326455872,20,278.59999999999275,1812
461.79870775055065,20,278.79999999999274,1813
461.94254702526075,20,278.9999999999927,1814
462.5889886900817,20,279.1999999999927,1816
462.7314411462145,20,279.3999999999927,1817
462.9468441743361,20,279.5999999999927,1818
463.1123722576724,20,279.7999999999927,1819
463.6853790540763,20,279.99999999999267,1820
463.88288277259386,20,280.19999999999266,1823
464.03410182112464,20,280.39999999999264,1824
464.1899484364604,20,280.59999999999263,1825
464.3263439750204,20,280.7999999999926,1826
464.5422050225543,20,280.9999999999926,1827
464.6733238798837,20,281.1999999999926,1829
465.29657562256324,20,281.3999999999926,1830
465.46310639731985,20,281.5999999999926,1831
466.40977769915804,20,281.79999999999256,1832
466.54713685643384,20,281.99999999999255,1833
466.7246306307795,20,282.19999999999254,1836
466.94425861726876,20,282.39999999999253,1837
467.0842646514062,20,282.5999999999925,1838
467.6341349882917,20,282.7999999999925,1839
467.85250481427147,20,282.9999999999925,1840
468.0192934190638,20,283.1999999999925,1842
468.16186378674587,20,283.3999999999925,1843
468.3160539729393,20,283.59999999999246,1844
468.93524443636863,20,283.79999999999245,1845
469.8716717199234,20,283.99999999999244,1846
470.01405927706026,20,284.19999999999243,1849
470.64559855871056,20,284.3999999999924,1850
470.7992045279831,20,284.5999999999924,1851
470.9738806236143,20,284.7999999999924,1852
471.12883691206935,20,284.9999999999924,1853
472.5124035742537,20,285.1999999999924,1855
472.6672987860644,20,285.39999999999236,1856
472.84125863415755,20,285.59999999999235,1857
473.0008333772502,20,285.79999999999234,1858
473.1342738269449,20,285.9999999999923,1859
473.34461870994113,20,286.1999999999923,1862
473.5358368646414,20,286.3999999999923,1863
474.08597430149297,20,286.5999999999923,1864
474.277950843412,20,286.7999999999923,1865
474.46657431531463,20,286.99999999999227,1866
474.6341857833659,20,287.19999999999226,1868
474.77013018709283,20,287.39999999999225,1869
476.1457928220947,20,287.59999999999224,1870
476.3068194175224,20,287.7999999999922,1871
476.5052066374262,20,287.9999999999922,1872
476.66742856949173,20,288.1999999999922,1875
476.8435756392117,20,288.3999999999922,1876
477.4294958080131,20,288.5999999999922,1877
478.35759642764407,20,288.79999999999217,1878
478.54745516467113,20,288.99999999999216,1879
478.6813582191861,20,289.19999999999214,1881
478.8299364775547,20,289.39999999999213,1882
479.0181284217686,20,289.5999999999921,1883
479.5908984473338,20,289.7999999999921,1884
479.8099367541355,20,289.9999999999921,1885
479.9616468845944,20,290.1999999999921,1888
480.1145378326354,20,290.3999999999921,1889
480.3468126987967,20,290.59999999999206,1890
480.92691202329445,20,290.79999999999205,1891
481.06179527337497,20,290.99999999999204,1892
481.9719267942636,20,291.19999999999203,1894
482.1659918887805,20,291.399999999992,1895
482.3583579088648,20,291.599999999992,1896
482.9385765511673,20,291.799999999992,1897
483.08235872160907,20,291.999999999992,1898
483.2510945421575,20,292.199999999992,1901
484.61237744885875,20,292.39999999999196,1902
484.8117941955718,20,292.59999999999195,1903
484.96636881648254,20,292.79999999999194,1904
485.1245297384757,20,292.9999999999919,1905
485.2843594334182,20,293.1999999999919,1907
485.457902910135,20,293.3999999999919,1908
486.03826431106256,20,293.5999999999919,1909
486.24432520907123,20,293.7999999999919,1910
486.36814291200335,20,293.99999999999187,1911
486.5756662534792,20,294.19999999999186,1914
486.7372567644392,20,294.39999999999185,1915
486.90795951235765,20,294.59999999999184,1916
487.53042904691404,20,294.7999999999918,1917
488.4516305520464,20,294.9999999999918,1918
488.59078089933854,20,295.1999999999918,1920
489.22279616506955,20,295.3999999999918,1921
489.38877600336997,20,295.5999999999918,1922
489.5573224798579,20,295.79999999999177,1923
489.6927845527466,20,295.99999999999176,1924
489.8682730030999,20,296.19999999999175,1927
490.0667951544274,20,296.39999999999173,1928
490.2347675897151,20,296.5999999999917,1929
491.6589997542253,20,296.7999999999917,1930
491.78678997437584,20,296.9999999999917,1931
491.9933873678339,20,297.1999999999917,1933
492.18246827924196,20,297.3999999999917,1934
492.32854919797364,20,297.59999999999167,1935
492.91713868599203,20,297.79999999999166,1936
493.0632314955306,20,297.99999999999164,1937
493.22818783784106,20,298.19999999999163,1940
493.3915655974559,20,298.3999999999916,1941
493.563291353612,20,298.5999999999916,1942
494.2048320805541,20,298.7999999999916,1943
494.36136942682015,20,298.9999999999916,1944
494.5115417859533,20,299.1999999999916,1946
495.4610139016826,20,299.39999999999156,1947
495.62524047262434,20,299.59999999999155,1948
496.2309465320414,20,299.79999999999154,1949
496.41172934210977,20,299.99999999999153,1950
496.55486912588344,20,300.1999999999915,1953
496.70371061325426,20,300.3999999999915,1954
496.9216779835816,20,300.5999999999915,1955
497.4634387009621,20,300.7999999999915,1956
497.5855386089069,20,300.9999999999915,1957
498.5445303897029,20,301.19999999999146,1959
498.6690706093395,20,301.39999999999145,1960
498.8682257247114,20,301.59999999999144,1961
499.43993614606603,20,301.7999999999914,1962
499.6237985612685,20,301.9999999999914,1963
499.75872222978603,20,302.1999999999914,1966
499.96147287827455,20,302.3999999999914,1967
