1.272591108374606,20,0,1
1.68886723057556,20,0.2,3
1.8405400158100655,20,0.4,4
1.973502757199124,20,0.6000000000000001,5
2.1370563031676904,20,0.8,6
2.29824774398524,20,1.0,8
2.411348600817559,20,1.2,9
2.5409451789499706,20,1.4,10
2.6331254944989624,20,1.5999999999999999,11
3.096733266887453,20,1.7999999999999998,12
3.7493901419784934,20,1.9999999999999998,13
3.9055170271284783,20,2.1999999999999997,16
4.044332328258396,20,2.4,17
4.18541860360232,20,2.6,18
4.321347336715807,20,2.8000000000000003,19
4.731966025120354,20,3.0000000000000004,21
4.868778219280194,20,3.2000000000000006,22
5.384855944167075,20,3.400000000000001,23
5.490558194909011,20,3.600000000000001,24
5.651535868371505,20,3.800000000000001,25
5.832468525274628,20,4.000000000000001,28
5.9964322459276,20,4.200000000000001,29
6.114331627025043,20,4.400000000000001,30
6.235646856557824,20,4.600000000000001,31
6.680539194829931,20,4.800000000000002,32
6.828324223185766,20,5.000000000000002,34
6.923158984346164,20,5.200000000000002,35
7.874909687033413,20,5.400000000000002,36
8.039471189985168,20,5.600000000000002,37
8.162666852144733,20,5.8000000000000025,38
9.068396869570117,20,6.000000000000003,41
9.205862225812812,20,6.200000000000003,42
9.358278751291795,20,6.400000000000003,43
9.503017100689672,20,6.600000000000003,44
9.656638218922708,20,6.800000000000003,45
9.8043707198433,20,7.0000000000000036,47
9.948597815300433,20,7.200000000000004,48
10.397915149480621,20,7.400000000000004,49
10.506654818557775,20,7.600000000000004,50
10.686660957276526,20,7.800000000000004,51
10.813619725668929,20,8.000000000000004,54
10.919480927987111,20,8.200000000000003,55
11.082076087603644,20,8.400000000000002,56
11.189640741079698,20,8.600000000000001,57
11.663062198808618,20,8.8,58
11.79062402999794,20,9.0,60
12.438054002474264,20,9.2,61
12.605547032585246,20,9.399999999999999,62
13.074937231103057,20,9.599999999999998,63
13.210039396967819,20,9.799999999999997,64
13.321656697452156,20,9.999999999999996,65
13.797000170734586,20,10.199999999999996,68
13.934082374972109,20,10.399999999999995,69
14.033575057509378,20,10.599999999999994,70
14.703208802636187,20,10.799999999999994,71
14.818077674467641,20,10.999999999999993,72
14.975844395467105,20,11.199999999999992,74
15.443423068078795,20,11.399999999999991,75
15.577315313049663,20,11.59999999999999,76
15.713746497548394,20,11.79999999999999,77
15.863716823639658,20,11.99999999999999,78
16.037124967201446,20,12.199999999999989,81
16.472755492231332,20,12.399999999999988,82
16.595685976177965,20,12.599999999999987,83
16.721339169744823,20,12.799999999999986,84
16.849666993037964,20,12.999999999999986,85
17.83544490567684,20,13.199999999999985,87
17.948809181619865,20,13.399999999999984,88
18.101808557099407,20,13.599999999999984,89
18.233383439785122,20,13.799999999999983,90
18.66654068910269,20,13.999999999999982,91
18.776910007202485,20,14.199999999999982,94
18.914102114281132,20,14.39999999999998,95
19.04683736078022,20,14.59999999999998,96
19.195583518177134,20,14.79999999999998,97
20.131520302039103,20,14.999999999999979,98
20.277118302388068,20,15.199999999999978,100
20.44488933540244,20,15.399999999999977,101
20.57893503284246,20,15.599999999999977,102
20.726386635138855,20,15.799999999999976,103
21.15253026428363,20,15.999999999999975,104
21.275836862820327,20,16.199999999999974,107
21.431583660124197,20,16.399999999999974,108
21.530580823626106,20,16.599999999999973,109
21.720326901086477,20,16.799999999999972,110
22.331258593463918,20,16.99999999999997,111
22.47851483712984,20,17.19999999999997,113
22.95189898562248,20,17.39999999999997,114
23.067982051147354,20,17.59999999999997,115
23.1846555424669,20,17.79999999999997,116
23.29616735896417,20,17.999999999999968,117
23.716415164700813,20,18.199999999999967,120
24.376286163631978,20,18.399999999999967,121
24.518662111308167,20,18.599999999999966,122
24.666707985508197,20,18.799999999999965,123
24.796564598842824,20,18.999999999999964,124
24.921692142093153,20,19.199999999999964,126
25.054889397928704,20,19.399999999999963,127
25.177896352653246,20,19.599999999999962,128
25.65109588509028,20,19.79999999999996,129
25.778000783384186,20,19.99999999999996,130
25.945129184800177,20,20.19999999999996,133
26.06083700073134,20,20.39999999999996,134
26.230855228556436,20,20.59999999999996,135
26.61480037969219,20,20.799999999999958,136
27.282773343927293,20,20.999999999999957,137
27.436560813337497,20,21.199999999999957,139
27.835920958026836,20,21.399999999999956,140
27.996830972882666,20,21.599999999999955,141
28.129619314936626,20,21.799999999999955,142
28.302534237047798,20,21.999999999999954,143
28.482449771230286,20,22.199999999999953,146
28.88515538284991,20,22.399999999999952,147
29.03544757470831,20,22.59999999999995,148
29.64372820039606,20,22.79999999999995,149
29.796438032809473,20,22.99999999999995,150
29.90961318868997,20,23.19999999999995,152
30.098298941896942,20,23.39999999999995,153
30.521544116431727,20,23.599999999999948,154
30.670727341331272,20,23.799999999999947,155
30.792873083178698,20,23.999999999999947,156
31.208155171408738,20,24.199999999999946,159
31.35131992248487,20,24.399999999999945,160
31.513669707431536,20,24.599999999999945,161
31.643875147239267,20,24.799999999999944,162
32.24229379136867,20,24.999999999999943,163
32.39078523729588,20,25.199999999999942,165
32.815271604961026,20,25.39999999999994,166
32.95912288509697,20,25.59999999999994,167
33.083302997014776,20,25.79999999999994,168
33.22225824032783,20,25.99999999999994,169
33.38625432234277,20,26.19999999999994,172
33.494755129287434,20,26.399999999999938,173
33.66617859560608,20,26.599999999999937,174
34.13298528743205,20,26.799999999999937,175
34.79636583653781,20,26.999999999999936,176
34.91665825478813,20,27.199999999999935,178
35.06531466328182,20,27.399999999999935,179
35.47366014825986,20,27.599999999999934,180
35.671650500495296,20,27.799999999999933,181
35.80070603973309,20,27.999999999999932,182
35.910440126809746,20,28.199999999999932,185
36.03476872223109,20,28.39999999999993,186
36.16409979689492,20,28.59999999999993,187
36.58650033646635,20,28.79999999999993,188
36.76440292004694,20,28.99999999999993,189
37.174382968462375,20,29.19999999999993,191
37.81311540992129,20,29.399999999999928,192
37.932681834398956,20,29.599999999999927,193
38.07793567007302,20,29.799999999999926,194
38.19152124832399,20,29.999999999999925,195
38.385601770567376,20,30.199999999999925,198
38.81303536085555,20,30.399999999999924,199
38.952147224838306,20,30.599999999999923,200
39.59603511409826,20,30.799999999999923,201
39.71399951764066,20,30.999999999999922,202
39.85573611718264,20,31.19999999999992,204
40.02862794895732,20,31.39999999999992,205
40.1804699361827,20,31.59999999999992,206
40.27424314918225,20,31.79999999999992,207
40.777388536494975,20,31.99999999999992,208
40.898087075960404,20,32.19999999999992,211
41.05918747081589,20,32.39999999999992,212
41.1858065197209,20,32.59999999999992,213
41.63957787249263,20,32.799999999999926,214
42.246664914230934,20,32.99999999999993,215
42.41074771356845,20,33.19999999999993,217
42.550407428959275,20,33.399999999999935,218
42.68973744080395,20,33.59999999999994,219
43.0841018657627,20,33.79999999999994,220
43.24513945708993,20,33.99999999999994,221
43.405629463058254,20,34.199999999999946,224
43.52699825603736,20,34.39999999999995,225
43.698240037865666,20,34.59999999999995,226
44.13681615036429,20,34.799999999999955,227
44.77538118841089,20,34.99999999999996,228
44.91915613051005,20,35.19999999999996,230
45.358870903997406,20,35.39999999999996,231
45.48828253641915,20,35.599999999999966,232
45.63723475877686,20,35.79999999999997,233
45.79218887523542,20,35.99999999999997,234
45.89127581027565,20,36.199999999999974,237
46.03569010591175,20,36.39999999999998,238
46.16958673581724,20,36.59999999999998,239
46.60381489869017,20,36.79999999999998,240
46.769482593519015,20,36.999999999999986,241
46.899495970849394,20,37.19999999999999,243
47.819818499677126,20,37.39999999999999,244
47.94189552434246,20,37.599999999999994,245
48.10156848847138,20,37.8,246
48.23846987501513,20,38.0,249
48.37474794271721,20,38.2,250
48.52249555510722,20,38.400000000000006,251
48.941285079389026,20,38.60000000000001,252
49.03234851303328,20,38.80000000000001,253
49.19491369667613,20,39.000000000000014,255
49.34014887674003,20,39.20000000000002,256
50.27232743415202,20,39.40000000000002,257
50.43887284854189,20,39.60000000000002,258
50.56730627962913,20,39.800000000000026,259
51.03571234732448,20,40.00000000000003,262
51.15664779278452,20,40.20000000000003,263
51.270330083055,20,40.400000000000034,264
51.90756234411871,20,40.60000000000004,265
52.05325276858812,20,40.80000000000004,266
52.208906087722426,20,41.00000000000004,268
52.33698375138839,20,41.200000000000045,269
52.50072397439003,20,41.40000000000005,270
52.65561611893793,20,41.60000000000005,271
53.100637237654794,20,41.800000000000054,272
53.23988195404675,20,42.00000000000006,275
53.3770865366687,20,42.20000000000006,276
53.80059758517876,20,42.40000000000006,277
53.91395519265883,20,42.600000000000065,278
54.0657047442057,20,42.80000000000007,279
54.18621332184279,20,43.00000000000007,281
54.79143417581491,20,43.200000000000074,282
54.95786666962933,20,43.40000000000008,283
55.08476892735921,20,43.60000000000008,284
55.49493722520638,20,43.80000000000008,285
55.67020791125296,20,44.000000000000085,288
55.795474141004135,20,44.20000000000009,289
55.93957442733886,20,44.40000000000009,290
56.4117069479231,20,44.600000000000094,291
56.527039645953586,20,44.8000000000001,292
56.66477987791672,20,45.0000000000001,294
56.81685309844384,20,45.2000000000001,295
57.7556996219575,20,45.400000000000105,296
57.93701377653363,20,45.60000000000011,297
58.07583633756947,20,45.80000000000011,298
58.72462118678485,20,46.000000000000114,301
58.84546953945618,20,46.20000000000012,302
58.95537645624245,20,46.40000000000012,303
59.11712480718381,20,46.60000000000012,304
59.605050386043594,20,46.800000000000125,305
59.69374612867533,20,47.00000000000013,307
59.84166809288363,20,47.20000000000013,308
60.00738909926794,20,47.400000000000134,309
60.45674382785357,20,47.600000000000136,310
60.592396128430046,20,47.80000000000014,311
60.74118538327593,20,48.00000000000014,314
60.87123683826018,20,48.200000000000145,315
61.03291608931677,20,48.40000000000015,316
61.9619203241685,20,48.60000000000015,317
62.113030985177296,20,48.80000000000015,318
62.23556037223111,20,49.000000000000156,320
62.37972848091713,20,49.20000000000016,321
62.535955912722024,20,49.40000000000016,322
62.669252347025584,20,49.600000000000165,323
63.13531924893969,20,49.80000000000017,324
63.27040816493867,20,50.00000000000017,327
64.1642114952005,20,50.20000000000017,328
64.26740139573134,20,50.400000000000176,329
64.39672570237114,20,50.60000000000018,330
64.4983713724519,20,50.80000000000018,331
64.64604712889947,20,51.000000000000185,333
64.83658754616472,20,51.20000000000019,334
64.97024875098228,20,51.40000000000019,335
65.4383023743598,20,51.60000000000019,336
65.53816571733756,20,51.800000000000196,337
65.70342790290634,20,52.0000000000002,340
65.85519139704483,20,52.2000000000002,341
65.98598083809608,20,52.400000000000205,342
66.41668317870726,20,52.60000000000021,343
66.53927795186254,20,52.80000000000021,344
66.67945422460818,20,53.00000000000021,346
67.29122328472151,20,53.200000000000216,347
67.77850890292422,20,53.40000000000022,348
67.9310625215782,20,53.60000000000022,349
68.04658893731325,20,53.800000000000225,350
68.18386947897807,20,54.00000000000023,353
68.61770590268294,20,54.20000000000023,354
68.73934848384641,20,54.40000000000023,355
68.93681161137853,20,54.600000000000236,356
69.02081476487108,20,54.80000000000024,357
69.4901703011936,20,55.00000000000024,359
70.1584614538413,20,55.200000000000244,360
70.28798362428121,20,55.40000000000025,361
70.40065355309589,20,55.60000000000025,362
70.5677251525821,20,55.80000000000025,363
70.70480122202702,20,56.000000000000256,366
70.83228979930969,20,56.20000000000026,367
70.95615568207421,20,56.40000000000026,368
71.3765161438813,20,56.600000000000264,369
71.544885705664,20,56.80000000000027,370
71.66486345156149,20,57.00000000000027,372
72.32913882546413,20,57.20000000000027,373
72.45039694389784,20,57.400000000000276,374
72.59536568890815,20,57.60000000000028,375
73.00630599681564,20,57.80000000000028,376
73.17471527004687,20,58.000000000000284,379
73.65036651298364,20,58.20000000000029,380
73.77685394129337,20,58.40000000000029,381
73.91333658656488,20,58.60000000000029,382
74.06466518407586,20,58.800000000000296,383
74.194648230287,20,59.0000000000003,385
74.81717278036677,20,59.2000000000003,386
74.97889869177394,20,59.400000000000304,387
75.14518390909411,20,59.60000000000031,388
75.56320557248468,20,59.80000000000031,389
75.70986899923919,20,60.00000000000031,392
76.65422634460155,20,60.200000000000315,393
76.80124782521744,20,60.40000000000032,394
76.91167075169315,20,60.60000000000032,395
77.05234150157912,20,60.800000000000324,396
77.19847556417282,20,61.00000000000033,398
77.36909390514721,20,61.20000000000033,399
77.4942878724261,20,61.40000000000033,400
77.93986666434222,20,61.600000000000335,401
78.04189524903852,20,61.80000000000034,402
78.18232988252569,20,62.00000000000034,405
78.33791888142005,20,62.200000000000344,406
78.51262109289988,20,62.40000000000035,407
79.43274721824145,20,62.60000000000035,408
79.53005829478194,20,62.80000000000035,409
79.70601992583306,20,63.000000000000355,411
79.82016133995975,20,63.20000000000036,412
79.95550346754574,20,63.40000000000036,413
80.07979596024191,20,63.600000000000364,414
80.55248516668738,20,63.80000000000037,415
80.66306922533124,20,64.00000000000037,418
80.7974486195262,20,64.20000000000037,419
80.95031117160232,20,64.40000000000038,420
81.1003773001189,20,64.60000000000038,421
81.51134042382445,20,64.80000000000038,422
81.6582021677954,20,65.00000000000038,424
82.27866510501252,20,65.20000000000039,425
82.45957754513135,20,65.40000000000039,426
82.5849576769481,20,65.60000000000039,427
83.04115820391988,20,65.8000000000004,428
83.46243407133872,20,66.0000000000004,431
83.5727919012642,20,66.2000000000004,432
83.74002524539652,20,66.4000000000004,433
83.89693001015105,20,66.6000000000004,434
84.01516417879985,20,66.80000000000041,435
84.1388928664289,20,67.00000000000041,437
84.2690637061877,20,67.20000000000041,438
84.7509947238638,20,67.40000000000042,439
85.424243464754,20,67.60000000000042,440
85.54374773836618,20,67.80000000000042,441
85.69966710975618,20,68.00000000000043,444
85.83171569204605,20,68.20000000000043,445
86.78647814992163,20,68.40000000000043,446
86.90211372032601,20,68.60000000000043,447
87.02396203178502,20,68.80000000000044,448
87.20436765467973,20,69.00000000000044,450
87.34198490417945,20,69.20000000000044,451
87.44857647581975,20,69.40000000000045,452
87.59800002686951,20,69.60000000000045,453
88.0122394071341,20,69.80000000000045,454
88.16891478698555,20,70.00000000000045,457
88.28551415373002,20,70.20000000000046,458
88.4468756721606,20,70.40000000000046,459
88.59208125639012,20,70.60000000000046,460
89.55488838311709,20,70.80000000000047,461
89.70118939998969,20,71.00000000000047,463
89.82583946447502,20,71.20000000000047,464
89.99596708601659,20,71.40000000000047,465
90.11389445840088,20,71.60000000000048,466
90.54569070291107,20,71.80000000000048,467
91.00029000867833,20,72.00000000000048,470
91.20004235322338,20,72.20000000000049,471
91.33376757801088,20,72.40000000000049,472
91.44979524823974,20,72.60000000000049,473
91.54120713907479,20,72.8000000000005,474
91.67577884892695,20,73.0000000000005,476
91.84081914751562,20,73.2000000000005,477
92.81235181350675,20,73.4000000000005,478
92.90140034469367,20,73.6000000000005,479
93.03685729026967,20,73.80000000000051,480
93.1755112087371,20,74.00000000000051,483
93.31988495738996,20,74.20000000000051,484
93.44631055727274,20,74.40000000000052,485
94.43209635829405,20,74.60000000000052,486
94.54105821121236,20,74.80000000000052,487
94.6597308100856,20,75.00000000000053,489
94.81599292815636,20,75.20000000000053,490
94.9237620694265,20,75.40000000000053,491
95.39061276204686,20,75.60000000000053,492
95.53385719431938,20,75.80000000000054,493
95.68677977763105,20,76.00000000000054,496
95.8256438405265,20,76.20000000000054,497
95.938117745877,20,76.40000000000055,498
96.40505468074025,20,76.60000000000055,499
96.56332768460939,20,76.80000000000055,500
97.15633555127549,20,77.00000000000055,502
97.32273516338053,20,77.20000000000056,503
97.46567238608222,20,77.40000000000056,504
97.90423229648903,20,77.60000000000056,505
98.04390796473037,20,77.80000000000057,506
98.17999255675723,20,78.00000000000057,509
98.31451625737934,20,78.20000000000057,510
98.44150239177308,20,78.40000000000057,511
98.59902421525693,20,78.60000000000058,512
99.02045514802359,20,78.80000000000058,513
99.13783213671034,20,79.00000000000058,515
99.56451281919041,20,79.20000000000059,516
100.20066188717551,20,79.40000000000059,517
100.34793333980224,20,79.60000000000059,518
100.4471782941619,20,79.8000000000006,519
100.62454444862645,20,80.0000000000006,522
101.07411571506941,20,80.2000000000006,523
101.21416871743973,20,80.4000000000006,524
101.86108765496766,20,80.6000000000006,525
101.9900349505297,20,80.80000000000061,526
102.14750277357504,20,81.00000000000061,528
102.28013800884926,20,81.20000000000061,529
102.41489994228587,20,81.40000000000062,530
102.5084390660566,20,81.60000000000062,531
103.02995505465627,20,81.80000000000062,532
103.11312530289682,20,82.00000000000063,535
103.27572348331613,20,82.20000000000063,536
103.4120596991845,20,82.40000000000063,537
103.5579262910906,20,82.60000000000063,538
104.02066037159284,20,82.80000000000064,539
104.13852690970207,20,83.00000000000064,541
104.22793446244123,20,83.20000000000064,542
105.17608209329957,20,83.40000000000065,543
105.28809197540406,20,83.60000000000065,544
105.43300891097803,20,83.80000000000065,545
105.56736896428782,20,84.00000000000065,548
105.69450356641836,20,84.20000000000066,549
105.8387596798864,20,84.40000000000066,550
105.96479489591773,20,84.60000000000066,551
106.41620589025926,20,84.80000000000067,552
107.34158359607791,20,85.00000000000067,554
107.49140548827819,20,85.20000000000067,555
107.60782807866983,20,85.40000000000067,556
107.75908765857264,20,85.60000000000068,557
107.91693036219296,20,85.80000000000068,558
108.04293906270823,20,86.00000000000068,561
108.2025674449844,20,86.20000000000068,562
108.63979871815984,20,86.40000000000069,563
108.74373097359006,20,86.60000000000069,564
108.91658104205231,20,86.8000000000007,565
109.5445007301297,20,87.0000000000007,567
109.68833851680394,20,87.2000000000007,568
109.82649778199253,20,87.4000000000007,569
110.2324710537415,20,87.6000000000007,570
110.37695445143156,20,87.80000000000071,571
110.52896047295481,20,88.00000000000071,574
110.64818417240362,20,88.20000000000071,575
110.78385389848393,20,88.40000000000072,576
110.93025974444429,20,88.60000000000072,577
111.10766336542935,20,88.80000000000072,578
111.49185113798636,20,89.00000000000072,580
111.6763116465607,20,89.20000000000073,581
112.10271069219593,20,89.40000000000073,582
112.72723781834242,20,89.60000000000073,583
112.87513597701172,20,89.80000000000074,584
113.04515471294062,20,90.00000000000074,587
113.18871470642316,20,90.20000000000074,588
113.33425945625426,20,90.40000000000074,589
113.45725578657881,20,90.60000000000075,590
113.90416762126173,20,90.80000000000075,591
114.56389347407958,20,91.00000000000075,593
114.68588943940323,20,91.20000000000076,594
114.85920711569614,20,91.40000000000076,595
114.99780582459229,20,91.60000000000076,596
115.45467398480957,20,91.80000000000076,597
115.57620521800419,20,92.00000000000077,600
115.71296539636135,20,92.20000000000077,601
115.85221161418397,20,92.40000000000077,602
116.27708821681482,20,92.60000000000078,603
116.92540418525337,20,92.80000000000078,604
117.07018108753037,20,93.00000000000078,606
117.22679826179537,20,93.20000000000078,607
117.36123392218043,20,93.40000000000079,608
117.48987755042269,20,93.60000000000079,609
117.89868189509717,20,93.8000000000008,610
118.0313401969529,20,94.0000000000008,613
118.20145593290525,20,94.2000000000008,614
118.30357634841626,20,94.4000000000008,615
118.77231794999045,20,94.6000000000008,616
118.92237695920338,20,94.80000000000081,617
119.88881315847725,20,95.00000000000081,619
120.03043070728755,20,95.20000000000081,620
120.15110374448695,20,95.40000000000082,621
120.26520238885018,20,95.60000000000082,622
120.40277238418065,20,95.80000000000082,623
120.55804499883912,20,96.00000000000082,626
120.68246801441553,20,96.20000000000083,627
120.82265066186618,20,96.40000000000083,628
121.2951657732739,20,96.60000000000083,629
121.41680766641703,20,96.80000000000084,630
121.52726924746676,20,97.00000000000084,632
122.16833634344174,20,97.20000000000084,633
122.29139541452784,20,97.40000000000084,634
122.39908308830982,20,97.60000000000085,635
122.8820607077142,20,97.80000000000085,636
123.03057275282636,20,98.00000000000085,639
123.15354906259684,20,98.20000000000086,640
123.28377902447276,20,98.40000000000086,641
124.22035632984534,20,98.60000000000086,642
124.38736741281532,20,98.80000000000086,643
124.51854102858599,20,99.00000000000087,645
124.6673935831522,20,99.20000000000087,646
124.78958214356375,20,99.40000000000087,647
125.21090974864276,20,99.60000000000088,648
125.36818622291625,20,99.80000000000088,649
125.78817384682277,20,100.00000000000088,652
125.94669613462804,20,100.20000000000088,653
126.10284347919016,20,100.40000000000089,654
126.22940067937827,20,100.60000000000089,655
126.33798170256307,20,100.80000000000089,656
126.50497828639074,20,101.0000000000009,658
126.65399028513443,20,101.2000000000009,659
127.08349060296946,20,101.4000000000009,660
127.22364848149894,20,101.6000000000009,661
127.88157678855943,20,101.8000000000009,662
127.99402667780504,20,102.00000000000091,665
128.14688697979753,20,102.20000000000091,666
128.2846592660116,20,102.40000000000092,667
128.74371799348447,20,102.60000000000092,668
128.85329207659376,20,102.80000000000092,669
129.50954491140718,20,103.00000000000092,671
129.66948556423486,20,103.20000000000093,672
130.08848600466496,20,103.40000000000093,673
130.240911722884,20,103.60000000000093,674
130.40613036255684,20,103.80000000000094,675
130.54868258003273,20,104.00000000000094,678
130.70040122905334,20,104.20000000000094,679
130.83895280194196,20,104.40000000000094,680
131.30510808694297,20,104.60000000000095,681
131.40770485204663,20,104.80000000000095,682
131.53031544891968,20,105.00000000000095,684
132.1690263034728,20,105.20000000000095,685
132.65948802748122,20,105.40000000000096,686
132.76590952458676,20,105.60000000000096,687
132.91866251405034,20,105.80000000000096,688
133.05388540597738,20,106.00000000000097,691
133.17732548845777,20,106.20000000000097,692
133.34370169006607,20,106.40000000000097,693
133.47857216433238,20,106.60000000000097,694
133.89854567893127,20,106.80000000000098,695
134.03455734113754,20,107.00000000000098,697
134.1314324928067,20,107.20000000000098,698
135.08461257293445,20,107.40000000000099,699
135.24579538894318,20,107.60000000000099,700
135.3669361313315,20,107.80000000000099,701
135.811487734054,20,108.000000000001,704
135.953230364499,20,108.200000000001,705
136.13649680475288,20,108.400000000001,706
136.26528228391226,20,108.600000000001,707
136.37507743141356,20,108.800000000001,708
136.53055972378823,20,109.00000000000101,710
137.1586458164016,20,109.20000000000101,711
137.2937716300131,20,109.40000000000101,712
137.42445461534237,20,109.60000000000102,713
137.8907429215162,20,109.80000000000102,714
137.98402288215578,20,110.00000000000102,717
138.44068331614454,20,110.20000000000103,718
138.6195755030983,20,110.40000000000103,719
138.74341151049552,20,110.60000000000103,720
138.876184729091,20,110.80000000000103,721
139.0036808319018,20,111.00000000000104,723
139.64760532094706,20,111.20000000000104,724
139.75543856742934,20,111.40000000000104,725
139.89051926292635,20,111.60000000000105,726
140.3520992289631,20,111.80000000000105,727
140.49977176653627,20,112.00000000000105,730
140.63747198309602,20,112.20000000000105,731
140.77670139723477,20,112.40000000000106,732
141.18391508704167,20,112.60000000000106,733
141.3222639826675,20,112.80000000000106,734
141.95811535881347,20,113.00000000000107,736
142.07433834126303,20,113.20000000000107,737
142.1972741822917,20,113.40000000000107,738
142.3775161509987,20,113.60000000000107,739
142.7765616068835,20,113.80000000000108,740
142.94457536187318,20,114.00000000000108,743
143.06018042530278,20,114.20000000000108,744
143.20332077897578,20,114.40000000000109,745
143.65191610555217,20,114.60000000000109,746
144.26264221141378,20,114.80000000000109,747
144.42927375873555,20,115.0000000000011,749
144.5811614467176,20,115.2000000000011,750
144.99115200451436,20,115.4000000000011,751
145.11043396601585,20,115.6000000000011,752
145.28319188835462,20,115.8000000000011,753
145.41412448042323,20,116.00000000000111,756
145.55998906264153,20,116.20000000000111,757
145.68874400952976,20,116.40000000000111,758
146.13079221416933,20,116.60000000000112,759
146.2601240812484,20,116.80000000000112,760
146.87321704528742,20,117.00000000000112,762
147.01005845317252,20,117.20000000000113,763
147.47064532950725,20,117.40000000000113,764
147.63580598034324,20,117.60000000000113,765
147.75238266657183,20,117.80000000000113,766
147.9676844706266,20,118.00000000000114,769
148.4074910900358,20,118.20000000000114,770
148.50870049673313,20,118.40000000000114,771
148.6866607168783,20,118.60000000000115,772
148.8323777642514,20,118.80000000000115,773
148.9528393222394,20,119.00000000000115,775
149.06916827809428,20,119.20000000000115,776
149.48328633384105,20,119.40000000000116,777
149.6557305207891,20,119.60000000000116,778
149.80582010189056,20,119.80000000000116,779
150.40160058807115,20,120.00000000000117,782
150.54417942335778,20,120.20000000000117,783
150.65754129911736,20,120.40000000000117,784
150.80286886226776,20,120.60000000000117,785
151.78542525121304,20,120.80000000000118,786
151.94867378417146,20,121.00000000000118,788
152.0916170477208,20,121.20000000000118,789
152.209294195103,20,121.40000000000119,790
152.6448471601241,20,121.60000000000119,791
152.8070117708341,20,121.80000000000119,792
152.9312407760363,20,122.0000000000012,795
153.06546854092844,20,122.2000000000012,796
153.57273869599692,20,122.4000000000012,797
154.1713756454323,20,122.6000000000012,798
154.31703438267655,20,122.8000000000012,799
154.45883206780834,20,123.00000000000121,801
154.61766777171826,20,123.20000000000121,802
154.7499361220837,20,123.40000000000121,803
155.24704201309254,20,123.60000000000122,804
155.37992790144787,20,123.80000000000122,805
155.4785977856457,20,124.00000000000122,808
155.61945875080994,20,124.20000000000122,809
156.06120725953087,20,124.40000000000123,810
156.22227290813294,20,124.60000000000123,811
156.3650855440964,20,124.80000000000123,812
156.5167894731007,20,125.00000000000124,814
156.6437384075208,20,125.20000000000124,815
157.30684769230672,20,125.40000000000124,816
157.71900662447138,20,125.60000000000124,817
157.86719209488555,20,125.80000000000125,818
158.00351760874912,20,126.00000000000125,821
158.48733901909426,20,126.20000000000125,822
158.60045092895183,20,126.40000000000126,823
158.73180907156538,20,126.60000000000126,824
158.87457584685518,20,126.80000000000126,825
158.98703407598947,20,127.00000000000126,827
159.146238386528,20,127.20000000000127,828
159.58566823091374,20,127.40000000000127,829
160.24501330694864,20,127.60000000000127,830
160.37711795995625,20,127.80000000000128,831
160.56699662103154,20,128.00000000000128,834
160.68069248036403,20,128.20000000000127,835
161.17605580839634,20,128.40000000000126,836
161.2920743430192,20,128.60000000000124,837
161.41953981111592,20,128.80000000000123,838
161.5618322316642,20,129.00000000000122,840
162.19528448200057,20,129.2000000000012,841
162.61958384699912,20,129.4000000000012,842
162.72367856251017,20,129.6000000000012,843
162.8893392087296,20,129.80000000000118,844
163.0055694135688,20,130.00000000000117,847
163.14786396164146,20,130.20000000000115,848
163.32578672982922,20,130.40000000000114,849
163.7495943574368,20,130.60000000000113,850
164.36511321723873,20,130.80000000000112,851
164.5711398118964,20,131.0000000000011,853
164.7076166896086,20,131.2000000000011,854
164.83026460152013,20,131.40000000000109,855
165.255722176517,20,131.60000000000107,856
165.37424228100136,20,131.80000000000106,857
165.50694653396658,20,132.00000000000105,860
165.69834312727724,20,132.20000000000104,861
165.79276684677856,20,132.40000000000103,862
166.24447936483608,20,132.60000000000102,863
166.38100239314502,20,132.800000000001,864
167.02739627857895,20,133.000000000001,866
167.18858402042272,20,133.20000000000098,867
167.6086063678086,20,133.40000000000097,868
167.72027423281216,20,133.60000000000096,869
167.92512917437085,20,133.80000000000095,870
168.05192874893388,20,134.00000000000094,873
168.1795920525744,20,134.20000000000093,874
168.3166559127277,20,134.40000000000092,875
168.73882096026864,20,134.6000000000009,876
168.91887663611442,20,134.8000000000009,877
169.0394568975443,20,135.00000000000088,879
169.1754726577418,20,135.20000000000087,880
169.80755661416774,20,135.40000000000086,881
170.2367493873096,20,135.60000000000085,882
170.4001977969625,20,135.80000000000084,883
170.52845892477404,20,136.00000000000082,886
170.63863060663797,20,136.2000000000008,887
170.83403163086027,20,136.4000000000008,888
171.26580256064972,20,136.6000000000008,889
171.3752726197075,20,136.80000000000078,890
172.06210692766314,20,137.00000000000077,892
172.18975838305195,20,137.20000000000076,893
172.30962899342444,20,137.40000000000074,894
172.46415696559376,20,137.60000000000073,895
172.89454661832738,20,137.80000000000072,896
173.53005965212904,20,138.0000000000007,899
173.6598324174163,20,138.2000000000007,900
173.79532250734107,20,138.4000000000007,901
173.89037028963344,20,138.60000000000068,902
174.3593022613302,20,138.80000000000067,903
174.47574937921996,20,139.00000000000065,905
174.619207567026,20,139.20000000000064,906
174.74180477674173,20,139.40000000000063,907
174.86939623769993,20,139.60000000000062,908
175.33536134192937,20,139.8000000000006,909
175.47438790624443,20,140.0000000000006,912
176.0755468627919,20,140.20000000000059,913
176.24827903098844,20,140.40000000000057,914
176.35993003481306,20,140.60000000000056,915
176.53158707121685,20,140.80000000000055,916
176.93982313756635,20,141.00000000000054,918
177.10845335236723,20,141.20000000000053,919
177.2295781167875,20,141.40000000000052,920
177.71432282432727,20,141.6000000000005,921
177.84112726966268,20,141.8000000000005,922
177.96337550709254,20,142.00000000000048,925
178.37941334575646,20,142.20000000000047,926
178.53066714109394,20,142.40000000000046,927
179.14882475319726,20,142.60000000000045,928
179.27573519014152,20,142.80000000000044,929
179.46514907299843,20,143.00000000000043,931
179.58380318513989,20,143.20000000000041,932
179.75582316213027,20,143.4000000000004,933
180.1999993956194,20,143.6000000000004,934
180.3556385218466,20,143.80000000000038,935
180.46695542458195,20,144.00000000000037,938
180.62753801657587,20,144.20000000000036,939
180.77119528429034,20,144.40000000000035,940
180.8936046189944,20,144.60000000000034,941
181.34330077266048,20,144.80000000000032,942
181.9518971308239,20,145.0000000000003,944
182.41173577696432,20,145.2000000000003,945
182.54017664032662,20,145.4000000000003,946
182.66960878675928,20,145.60000000000028,947
182.78679973825172,20,145.80000000000027,948
182.92270705983648,20,146.00000000000026,951
183.05666735091953,20,146.20000000000024,952
183.21806329761466,20,146.40000000000023,953
183.6300678527732,20,146.60000000000022,954
183.74416991266196,20,146.8000000000002,955
183.9205725034678,20,147.0000000000002,957
184.54520988203302,20,147.2000000000002,958
184.66115440629198,20,147.40000000000018,959
184.83088871233375,20,147.60000000000016,960
185.26289248381687,20,147.80000000000015,961
185.41011258880803,20,148.00000000000014,964
185.87836306369329,20,148.20000000000013,965
185.98858519497674,20,148.40000000000012,966
186.1286725752153,20,148.6000000000001,967
186.27357243087795,20,148.8000000000001,968
186.9269154117713,20,149.00000000000009,970
187.04017519652612,20,149.20000000000007,971
187.1781745188165,20,149.40000000000006,972
187.32961448843454,20,149.60000000000005,973
187.7634146131194,20,149.80000000000004,974
188.2212615930764,20,150.00000000000003,977
188.3509125789282,20,150.20000000000002,978
188.49294587593297,20,150.4,979
188.62991608419136,20,150.6,980
188.73715936457504,20,150.79999999999998,981
188.9055018648428,20,150.99999999999997,982
189.38014614795117,20,151.19999999999996,984
190.01210701570378,20,151.39999999999995,985
190.16067676256586,20,151.59999999999994,986
190.31497306333887,20,151.79999999999993,987
190.76899793775638,20,151.99999999999991,988
190.87971275560574,20,152.1999999999999,991
191.00863816351827,20,152.3999999999999,992
191.66145723746232,20,152.59999999999988,993
191.7954713599714,20,152.79999999999987,994
191.94213464228676,20,152.99999999999986,995
192.09000410519855,20,153.19999999999985,997
192.24420799532456,20,153.39999999999984,998
192.67336628966046,20,153.59999999999982,999
192.84204186265146,20,153.7999999999998,1000
192.9755866104606,20,153.9999999999998,1001
193.09037324521395,20,154.1999999999998,1004
193.2250997007825,20,154.39999999999978,1005
193.4024916149435,20,154.59999999999977,1006
193.84844741270865,20,154.79999999999976,1007
194.5243804157888,20,154.99999999999974,1008
194.63952683905595,20,155.19999999999973,1010
194.78939403559676,20,155.39999999999972,1011
194.91296466975325,20,155.5999999999997,1012
195.337576164464,20,155.7999999999997,1013
195.45773714719246,20,155.9999999999997,1014
195.62007922973294,20,156.19999999999968,1017
195.75467636115184,20,156.39999999999966,1018
195.91616369403826,20,156.59999999999965,1019
196.06310246160234,20,156.79999999999964,1020
196.4953199713475,20,156.99999999999963,1021
196.66802597512086,20,157.19999999999962,1023
197.2695568636659,20,157.3999999999996,1024
197.38888941214947,20,157.5999999999996,1025
197.84187842426007,20,157.79999999999959,1026
198.3790306116331,20,157.99999999999957,1027
198.49046367591518,20,158.19999999999956,1030
198.64121040018853,20,158.39999999999955,1031
199.22846584243396,20,158.59999999999954,1032
199.38124933123737,20,158.79999999999953,1033
199.52765243764966,20,158.99999999999952,1034
199.6724714469529,20,159.1999999999995,1036
199.79354393857056,20,159.3999999999995,1037
199.92452411841543,20,159.59999999999948,1038
200.32522445680797,20,159.79999999999947,1039
200.46185299405968,20,159.99999999999946,1040
200.61779755255472,20,160.19999999999945,1043
200.75550722208678,20,160.39999999999944,1044
200.91800650681594,20,160.59999999999943,1045
201.8504226437498,20,160.79999999999941,1046
201.98062157957858,20,160.9999999999994,1047
202.10935728429527,20,161.1999999999994,1049
202.2589715373634,20,161.39999999999938,1050
202.41736743674656,20,161.59999999999937,1051
202.5256703355512,20,161.79999999999936,1052
202.9602609136429,20,161.99999999999935,1053
203.08851362874492,20,162.19999999999933,1056
203.54175162162824,20,162.39999999999932,1057
203.69287329838653,20,162.5999999999993,1058
204.3445361862947,20,162.7999999999993,1059
204.4488419679403,20,162.9999999999993,1060
204.60360659571603,20,163.19999999999928,1062
204.76870751394105,20,163.39999999999927,1063
205.19902945233144,20,163.59999999999926,1064
205.3444762261146,20,163.79999999999924,1065
205.44217862220037,20,163.99999999999923,1066
205.62115833863442,20,164.19999999999922,1069
205.75783212410897,20,164.3999999999992,1070
205.8745963560073,20,164.5999999999992,1071
206.02744796084616,20,164.7999999999992,1072
206.99357633995407,20,164.99999999999918,1073
207.13932320642536,20,165.19999999999916,1075
207.55150352252392,20,165.39999999999915,1076
207.67805938692368,20,165.59999999999914,1077
207.8433171982045,20,165.79999999999913,1078
207.9863372793044,20,165.99999999999912,1079
208.14271315328497,20,166.1999999999991,1082
208.29828493959562,20,166.3999999999991,1083
208.39745595402164,20,166.59999999999908,1084
208.89307219521075,20,166.79999999999907,1085
209.0143879066788,20,166.99999999999906,1086
209.1392502418155,20,167.19999999999905,1088
210.06545649922,20,167.39999999999904,1089
210.22610992264825,20,167.59999999999903,1090
210.36105232857247,20,167.79999999999902,1091
210.50988384067477,20,167.999999999999,1092
211.45173284727755,20,168.199999999999,1095
211.61783477561636,20,168.39999999999898,1096
211.76582318210728,20,168.59999999999897,1097
211.9555362956665,20,168.79999999999896,1098
212.08023580048783,20,168.99999999999895,1099
212.2188207724966,20,169.19999999999894,1101
212.33995571139596,20,169.39999999999893,1102
212.75038799764707,20,169.59999999999891,1103
212.89731313317452,20,169.7999999999989,1104
213.02820289536672,20,169.9999999999989,1105
213.95335320734992,20,170.19999999999888,1108
214.08488416938158,20,170.39999999999887,1109
214.21839064013946,20,170.59999999999886,1110
214.34241335943665,20,170.79999999999885,1111
214.4743417927534,20,170.99999999999883,1112
214.62915789702868,20,171.19999999999882,1114
214.75605286737255,20,171.3999999999988,1115
215.2270173763358,20,171.5999999999988,1116
215.33729570276154,20,171.7999999999988,1117
215.49715994016307,20,171.99999999999878,1118
215.63634089808707,20,172.19999999999877,1121
215.7655347066803,20,172.39999999999876,1122
215.88026895007116,20,172.59999999999874,1123
216.33291970299697,20,172.79999999999873,1124
216.4875514119497,20,172.99999999999872,1125
216.89894371866612,20,173.1999999999987,1127
217.52447359696453,20,173.3999999999987,1128
217.68109831474393,20,173.5999999999987,1129
217.81030893444841,20,173.79999999999868,1130
217.90348868096416,20,173.99999999999866,1131
218.08554420905438,20,174.19999999999865,1134
219.00797945588013,20,174.39999999999864,1135
219.14885004578687,20,174.59999999999863,1136
219.27204900041514,20,174.79999999999862,1137
219.38671290576013,20,174.9999999999986,1138
219.4881099376178,20,175.1999999999986,1140
219.7140760312889,20,175.39999999999858,1141
220.10575777686225,20,175.59999999999857,1142
220.25878810339682,20,175.79999999999856,1143
220.37269977540925,20,175.99999999999855,1144
220.55179188425262,20,176.19999999999854,1147
220.95840507746442,20,176.39999999999853,1148
221.10765595305887,20,176.59999999999852,1149
221.28679397789415,20,176.7999999999985,1150
222.2175098465013,20,176.9999999999985,1151
222.34858029440022,20,177.19999999999848,1153
222.54353519369835,20,177.39999999999847,1154
222.64966618531133,20,177.59999999999846,1155
222.78195887303954,20,177.79999999999845,1156
222.90460932513054,20,177.99999999999844,1157
223.02638395046745,20,178.19999999999843,1160
223.1597731009501,20,178.3999999999984,1161
223.30705604927886,20,178.5999999999984,1162
223.7631110983882,20,178.7999999999984,1163
223.8535575156184,20,178.99999999999838,1164
224.03889391842057,20,179.19999999999837,1166
224.6589431842114,20,179.39999999999836,1167
224.86009132743416,20,179.59999999999835,1168
224.9924841761154,20,179.79999999999833,1169
225.39155581460048,20,179.99999999999832,1170
226.3403912681608,20,180.1999999999983,1173
226.4648191158464,20,180.3999999999983,1174
226.5998581241994,20,180.5999999999983,1175
226.7637290417178,20,180.79999999999828,1176
226.89113823430637,20,180.99999999999827,1177
227.06136625380387,20,181.19999999999825,1179
227.19879645826626,20,181.39999999999824,1180
227.3317084249101,20,181.59999999999823,1181
227.75282436805765,20,181.79999999999822,1182
227.90981187506355,20,181.9999999999982,1183
228.3358101702301,20,182.1999999999982,1186
228.47909147023108,20,182.3999999999982,1187
228.62868130745994,20,182.59999999999818,1188
229.26045904500634,20,182.79999999999816,1189
229.37899968039994,20,182.99999999999815,1190
229.53552805117653,20,183.19999999999814,1192
229.65139426761237,20,183.39999999999813,1193
230.0885985010908,20,183.59999999999812,1194
230.27335120438715,20,183.7999999999981,1195
230.39644121387678,20,183.9999999999981,1196
230.53368921455373,20,184.19999999999808,1199
230.96121601493465,20,184.39999999999807,1200
231.09817839374256,20,184.59999999999806,1201
231.2130477188686,20,184.79999999999805,1202
231.85456618979774,20,184.99999999999804,1203
231.97351087737457,20,185.19999999999803,1205
232.41124860144274,20,185.39999999999802,1206
232.54384400573522,20,185.599999999998,1207
232.6963788296035,20,185.799999999998,1208
232.8321177692724,20,185.99999999999798,1209
232.9734373363954,20,186.19999999999797,1212
233.43020837237452,20,186.39999999999796,1213
233.55881750412627,20,186.59999999999795,1214
234.19757181370102,20,186.79999999999794,1215
234.32871669327534,20,186.99999999999793,1216
234.49749835403964,20,187.1999999999979,1218
234.6374243961114,20,187.3999999999979,1219
235.06575733717216,20,187.5999999999979,1220
235.21999493390535,20,187.79999999999788,1221
235.35706221927123,20,187.99999999999787,1222
236.340298810092,20,188.19999999999786,1225
236.51055754749703,20,188.39999999999785,1226
236.64906874985743,20,188.59999999999783,1227
236.77036429526723,20,188.79999999999782,1228
236.8773248249251,20,188.9999999999978,1229
237.0216373474291,20,189.1999999999978,1231
237.4643337897738,20,189.3999999999978,1232
237.6014783847238,20,189.59999999999778,1233
237.73204727463832,20,189.79999999999777,1234
237.8651460667617,20,189.99999999999775,1235
238.52592055374978,20,190.19999999999774,1238
238.6274793418699,20,190.39999999999773,1239
238.77496109843736,20,190.59999999999772,1240
239.17803852701502,20,190.7999999999977,1241
239.3340682629844,20,190.9999999999977,1242
239.51885973847845,20,191.1999999999977,1244
239.9271862473472,20,191.39999999999768,1245
240.02999724031915,20,191.59999999999766,1246
240.19056005241734,20,191.79999999999765,1247
240.33437149210135,20,191.99999999999764,1248
240.47358918285678,20,192.19999999999763,1251
240.59595164936795,20,192.39999999999762,1252
241.05295313487298,20,192.5999999999976,1253
241.65296197826046,20,192.7999999999976,1254
241.80682858694297,20,192.99999999999758,1255
241.97479771704047,20,193.19999999999757,1257
242.1155879707361,20,193.39999999999756,1258
242.2247465194822,20,193.59999999999755,1259
242.6425790570026,20,193.79999999999754,1260
242.79468845921846,20,193.99999999999753,1261
242.94449107830627,20,194.19999999999752,1264
243.05840095900462,20,194.3999999999975,1265
243.52153966124843,20,194.5999999999975,1266
243.68765294270125,20,194.79999999999748,1267
243.80855998488525,20,194.99999999999747,1268
244.7708673113024,20,195.19999999999746,1270
244.92241818332982,20,195.39999999999745,1271
245.0520284649702,20,195.59999999999744,1272
245.21233741973518,20,195.79999999999742,1273
245.33730539345825,20,195.9999999999974,1274
245.49301819890647,20,196.1999999999974,1277
245.61025087225488,20,196.3999999999974,1278
245.7844502568889,20,196.59999999999738,1279
246.71715020703434,20,196.79999999999737,1280
246.83290694710422,20,196.99999999999736,1281
246.9497914860703,20,197.19999999999735,1283
247.11416937224362,20,197.39999999999733,1284
247.23597452941056,20,197.59999999999732,1285
247.62639730316678,20,197.7999999999973,1286
247.78795537268294,20,197.9999999999973,1287
247.91760599607485,20,198.1999999999973,1290
248.0205623427806,20,198.39999999999728,1291
248.49079746660175,20,198.59999999999727,1292
248.65881773012003,20,198.79999999999725,1293
249.08822381801156,20,198.99999999999724,1294
249.2176097861954,20,199.19999999999723,1296
249.86309039072654,20,199.39999999999722,1297
250.05921341884633,20,199.5999999999972,1298
250.19675702060954,20,199.7999999999972,1299
250.62209113488538,20,199.9999999999972,1300
250.72194541759103,20,200.19999999999717,1303
250.89963326788322,20,200.39999999999716,1304
251.03221011233205,20,200.59999999999715,1305
251.17524872352683,20,200.79999999999714,1306
251.35103774053644,20,200.99999999999713,1307
251.5055267546996,20,201.19999999999712,1309
251.9106491843268,20,201.3999999999971,1310
252.53456466324639,20,201.5999999999971,1311
252.68830699196022,20,201.79999999999708,1312
252.81973174237456,20,201.99999999999707,1313
252.95045644477574,20,202.19999999999706,1316
253.086365239974,20,202.39999999999705,1317
253.24393993432216,20,202.59999999999704,1318
254.21252134826472,20,202.79999999999703,1319
254.3159470183894,20,202.99999999999702,1320
254.5020106721708,20,203.199999999997,1322
254.62020539915778,20,203.399999999997,1323
255.04723790215297,20,203.59999999999698,1324
255.19421204983396,20,203.79999999999697,1325
255.35572937025205,20,203.99999999999696,1326
255.47690363395282,20,204.19999999999695,1329
255.6478525823855,20,204.39999999999694,1330
255.75582886887557,20,204.59999999999692,1331
256.2156224765222,20,204.7999999999969,1332
256.3401998297627,20,204.9999999999969,1333
257.2753573253237,20,205.1999999999969,1335
257.4099550663455,20,205.39999999999688,1336
257.5802162159595,20,205.59999999999687,1337
257.7088473309562,20,205.79999999999686,1338
257.8246434536649,20,205.99999999999685,1339
258.0157192873252,20,206.19999999999683,1342
258.16782045834566,20,206.39999999999682,1343
258.618857749302,20,206.5999999999968,1344
258.755277558305,20,206.7999999999968,1345
258.8903539695066,20,206.9999999999968,1346
259.0211266307256,20,207.19999999999678,1348
259.18867887100475,20,207.39999999999677,1349
260.12932662509314,20,207.59999999999675,1350
260.23718055425417,20,207.79999999999674,1351
260.38170419631126,20,207.99999999999673,1352
260.8465457733437,20,208.19999999999672,1355
261.49197377669367,20,208.3999999999967,1356
261.60808410160365,20,208.5999999999967,1357
261.759554075779,20,208.7999999999967,1358
261.9118473805561,20,208.99999999999667,1359
262.03701607688873,20,209.19999999999666,1361
262.1511687197734,20,209.39999999999665,1362
262.2603477590888,20,209.59999999999664,1363
262.7087052134486,20,209.79999999999663,1364
262.8597186603297,20,209.99999999999662,1365
263.02119432049255,20,210.1999999999966,1368
263.1668613544445,20,210.3999999999966,1369
263.29176351737465,20,210.59999999999658,1370
263.74876562201524,20,210.79999999999657,1371
263.89425688005696,20,210.99999999999656,1372
264.0283439111536,20,211.19999999999655,1374
264.1581773495678,20,211.39999999999654,1375
265.11677512699407,20,211.59999999999653,1376
265.2183071907391,20,211.79999999999652,1377
265.3601710326819,20,211.9999999999965,1378
266.32991607188075,20,212.1999999999965,1381
266.4574015303944,20,212.39999999999648,1382
266.57466219207254,20,212.59999999999647,1383
266.67923297892327,20,212.79999999999646,1384
266.80480677192423,20,212.99999999999645,1385
266.93978020073257,20,213.19999999999644,1387
267.1073309590154,20,213.39999999999642,1388
267.523632964515,20,213.5999999999964,1389
267.66627724218176,20,213.7999999999964,1390
267.8125143459486,20,213.9999999999964,1391
267.95518729715485,20,214.19999999999638,1394
268.11164493274765,20,214.39999999999637,1395
268.2687931208252,20,214.59999999999636,1396
268.66563570654756,20,214.79999999999634,1397
269.3073964409411,20,214.99999999999633,1398
269.4526119906811,20,215.19999999999632,1400
269.88629999025875,20,215.3999999999963,1401
269.9899779958448,20,215.5999999999963,1402
270.17476505523723,20,215.7999999999963,1403
270.2937206578994,20,215.99999999999628,1404
270.44207711247253,20,216.19999999999627,1407
270.5791965003052,20,216.39999999999625,1408
270.7338836986319,20,216.59999999999624,1409
271.13461345659937,20,216.79999999999623,1410
271.3236280025624,20,216.99999999999622,1411
271.6933135341536,20,217.1999999999962,1413
272.36154813878886,20,217.3999999999962,1414
272.49406818600727,20,217.5999999999962,1415
272.67699533854716,20,217.79999999999617,1416
272.79683058467305,20,217.99999999999616,1417
272.95814423886884,20,218.19999999999615,1420
273.08919373563896,20,218.39999999999614,1421
273.5377850203596,20,218.59999999999613,1422
273.6840722435228,20,218.79999999999612,1423
274.2938282297238,20,218.9999999999961,1424
274.450484377197,20,219.1999999999961,1426
274.6086387030789,20,219.39999999999608,1427
275.02987595050047,20,219.59999999999607,1428
275.19890808846,20,219.79999999999606,1429
275.29929524086884,20,219.99999999999605,1430
276.25258575351916,20,220.19999999999604,1433
276.39302461430634,20,220.39999999999603,1434
276.49015832278883,20,220.59999999999602,1435
276.6636850078248,20,220.799999999996,1436
276.83552904556484,20,220.999999999996,1437
276.96864698224977,20,221.19999999999598,1439
277.08908170355375,20,221.39999999999597,1440
277.54590692102835,20,221.59999999999596,1441
277.6903298216266,20,221.79999999999595,1442
277.82118613859535,20,221.99999999999594,1443
277.99048883624016,20,222.19999999999592,1446
278.39209635833646,20,222.3999999999959,1447
278.54112791657093,20,222.5999999999959,1448
278.7179119884658,20,222.7999999999959,1449
279.6606031864438,20,222.99999999999588,1450
279.7806948706673,20,223.19999999999587,1452
279.94761033246056,20,223.39999999999586,1453
280.09045827221985,20,223.59999999999584,1454
280.22001548546154,20,223.79999999999583,1455
280.36566764978136,20,223.99999999999582,1456
281.2882035271472,20,224.1999999999958,1459
281.4199294114044,20,224.3999999999958,1460
281.5859549593405,20,224.5999999999958,1461
281.718035444051,20,224.79999999999578,1462
281.87440877415816,20,224.99999999999577,1463
281.9837348672336,20,225.19999999999575,1465
282.12194910654864,20,225.39999999999574,1466
282.28497065707904,20,225.59999999999573,1467
282.75536917668904,20,225.79999999999572,1468
282.87704828055985,20,225.9999999999957,1469
283.0001554333325,20,226.1999999999957,1472
283.4551570281639,20,226.39999999999569,1473
283.6213455834282,20,226.59999999999567,1474
284.25675795915635,20,226.79999999999566,1475
284.3816904529606,20,226.99999999999565,1476
284.5670862954588,20,227.19999999999564,1478
284.6899720022968,20,227.39999999999563,1479
285.14926655876985,20,227.59999999999562,1480
285.30769960195073,20,227.7999999999956,1481
285.43281655794266,20,227.9999999999956,1482
285.5453257814338,20,228.19999999999558,1485
285.7262790195323,20,228.39999999999557,1486
285.87024018620787,20,228.59999999999556,1487
286.27451749256716,20,228.79999999999555,1488
286.39711641408553,20,228.99999999999554,1489
286.5124267184294,20,229.19999999999553,1491
287.17162306350275,20,229.39999999999552,1492
287.588532110025,20,229.5999999999955,1493
287.7201675976916,20,229.7999999999955,1494
287.91763311890674,20,229.99999999999548,1495
288.07257129345504,20,230.19999999999547,1498
289.00597375250027,20,230.39999999999546,1499
289.1608613750141,20,230.59999999999545,1500
289.28164129331066,20,230.79999999999544,1501
289.41052026562403,20,230.99999999999542,1502
289.5838290897833,20,231.1999999999954,1504
289.7001998456099,20,231.3999999999954,1505
290.1229041813368,20,231.5999999999954,1506
290.30149071685037,20,231.79999999999538,1507
290.4595955014571,20,231.99999999999537,1508
290.5743337821658,20,232.19999999999536,1511
290.7254677261841,20,232.39999999999534,1512
291.681452234313,20,232.59999999999533,1513
291.86436971655587,20,232.79999999999532,1514
291.97363790628555,20,232.9999999999953,1515
292.11462137471466,20,233.1999999999953,1517
292.2543063021612,20,233.3999999999953,1518
292.69741501980985,20,233.59999999999528,1519
292.8312213557252,20,233.79999999999526,1520
292.9837550383399,20,233.99999999999525,1521
293.1215013618283,20,234.19999999999524,1524
293.22131919811443,20,234.39999999999523,1525
294.1471504649001,20,234.59999999999522,1526
294.3333220683028,20,234.7999999999952,1527
294.46413684527255,20,234.9999999999952,1528
294.57859597040107,20,235.19999999999519,1530
294.76598567375396,20,235.39999999999517,1531
294.897748010807,20,235.59999999999516,1532
295.3446750547488,20,235.79999999999515,1533
295.8243409994247,20,235.99999999999514,1534
295.94248518281955,20,236.19999999999513,1537
296.1120733302345,20,236.39999999999512,1538
296.2210420504046,20,236.5999999999951,1539
296.3379658142028,20,236.7999999999951,1540
296.9645746536568,20,236.99999999999508,1541
297.12160437830516,20,237.19999999999507,1543
297.2522595198269,20,237.39999999999506,1544
297.4171725107557,20,237.59999999999505,1545
297.8313161176217,20,237.79999999999504,1546
297.9889399716137,20,237.99999999999503,1547
298.13275427547256,20,238.19999999999501,1550
298.26042625657533,20,238.399999999995,1551
298.71007726502796,20,238.599999999995,1552
298.8504249776259,20,238.79999999999498,1553
299.46226412347244,20,238.99999999999497,1554
299.5579181326169,20,239.19999999999496,1556
299.7567256416195,20,239.39999999999495,1557
299.88392984262975,20,239.59999999999494,1558
300.34277774748426,20,239.79999999999492,1559
300.50489877556345,20,239.9999999999949,1560
300.64784743574023,20,240.1999999999949,1563
300.7799938456414,20,240.3999999999949,1564
301.20807112965747,20,240.59999999999488,1565
301.3822487859375,20,240.79999999999487,1566
301.49241841649206,20,240.99999999999486,1567
301.6626119429082,20,241.19999999999484,1569
302.0577459524671,20,241.39999999999483,1570
302.71917570588425,20,241.59999999999482,1571
302.83402416146583,20,241.7999999999948,1572
302.97354226405866,20,241.9999999999948,1573
303.14681184936296,20,242.1999999999948,1576
303.266165138602,20,242.39999999999478,1577
303.42238336683454,20,242.59999999999476,1578
303.8602571896738,20,242.79999999999475,1579
304.5272345711888,20,242.99999999999474,1580
304.6658358971208,20,243.19999999999473,1582
304.786183205592,20,243.39999999999472,1583
304.8893137445051,20,243.5999999999947,1584
305.3368148779477,20,243.7999999999947,1585
305.4712777011279,20,243.99999999999469,1586
305.60172327775695,20,244.19999999999467,1589
305.757365682595,20,244.39999999999466,1590
305.8970966019715,20,244.59999999999465,1591
306.31921041779174,20,244.79999999999464,1592
306.95499874579764,20,244.99999999999463,1593
307.10857326337464,20,245.19999999999462,1595
307.23123812275986,20,245.3999999999946,1596
307.392579784856,20,245.5999999999946,1597
307.5294926317113,20,245.79999999999458,1598
307.99330221885526,20,245.99999999999457,1599
308.1494730118054,20,246.19999999999456,1602
308.60852105692885,20,246.39999999999455,1603
308.73784080731497,20,246.59999999999454,1604
308.8619195150992,20,246.79999999999453,1605
309.5110078119102,20,246.99999999999451,1606
309.9758355339017,20,247.1999999999945,1608
310.11859439792323,20,247.3999999999945,1609
310.25856022953536,20,247.59999999999448,1610
310.38253183524324,20,247.79999999999447,1611
310.5081362601548,20,247.99999999999446,1612
310.9618412910724,20,248.19999999999445,1615
311.0620365089681,20,248.39999999999444,1616
311.26228583645974,20,248.59999999999442,1617
311.411206912315,20,248.7999999999944,1618
311.5356887953487,20,248.9999999999944,1619
311.9446960036079,20,249.1999999999944,1621
312.07356360157513,20,249.39999999999438,1622
312.7370966171949,20,249.59999999999437,1623
312.8711787782812,20,249.79999999999436,1624
313.0261136264629,20,249.99999999999434,1625
313.16119905038875,20,250.19999999999433,1628
313.30211704732744,20,250.39999999999432,1629
313.75229141751663,20,250.5999999999943,1630
313.9076687237069,20,250.7999999999943,1631
314.5585919411098,20,250.9999999999943,1632
314.69027829453273,20,251.19999999999428,1634
314.8504532692388,20,251.39999999999426,1635
314.995077039045,20,251.59999999999425,1636
315.12678713156504,20,251.79999999999424,1637
315.5722473537033,20,251.99999999999423,1638
316.0615445566337,20,252.19999999999422,1641
316.7095605653665,20,252.3999999999942,1642
316.8286091873244,20,252.5999999999942,1643
317.01074463409043,20,252.79999999999418,1644
317.14853677027094,20,252.99999999999417,1645
317.2652066182361,20,253.19999999999416,1647
317.391456199887,20,253.39999999999415,1648
317.5066026513545,20,253.59999999999414,1649
317.9309035019937,20,253.79999999999413,1650
318.0542366484005,20,253.99999999999412,1651
318.18930072306836,20,254.1999999999941,1654
318.36474146653376,20,254.3999999999941,1655
318.8054299769228,20,254.59999999999408,1656
318.94135234930394,20,254.79999999999407,1657
319.5455982775939,20,254.99999999999406,1658
319.6989849437851,20,255.19999999999405,1660
320.17160723493777,20,255.39999999999404,1661
320.31492916665707,20,255.59999999999403,1662
320.4475559690824,20,255.79999999999401,1663
320.54588055650765,20,255.999999999994,1664
320.70145363724214,20,256.199999999994,1667
320.85694129830307,20,256.399999999994,1668
320.96155342846436,20,256.599999999994,1669
321.43728824048037,20,256.799999999994,1670
321.5751239800676,20,256.999999999994,1671
321.70478171880643,20,257.19999999999396,1673
322.5988014151395,20,257.39999999999395,1674
322.7119793126649,20,257.59999999999394,1675
322.89082618924056,20,257.79999999999393,1676
323.3114369213992,20,257.9999999999939,1677
323.49912884101775,20,258.1999999999939,1680
324.1388371597823,20,258.3999999999939,1681
324.2906462518165,20,258.5999999999939,1682
324.42061358564075,20,258.7999999999939,1683
324.5824295301492,20,258.99999999999386,1684
324.7533874024218,20,259.19999999999385,1686
324.87174328894747,20,259.39999999999384,1687
325.2991837140861,20,259.5999999999938,1688
325.4156065644288,20,259.7999999999938,1689
325.5878777467197,20,259.9999999999938,1690
325.7179877215869,20,260.1999999999938,1693
325.84292473258466,20,260.3999999999938,1694
326.3272714614548,20,260.59999999999377,1695
326.4645460806582,20,260.79999999999376,1696
326.61459949992025,20,260.99999999999375,1697
326.7116686928258,20,261.19999999999374,1699
327.6534550451089,20,261.3999999999937,1700
327.8006546401168,20,261.5999999999937,1701
327.93738984869293,20,261.7999999999937,1702
328.10854634897714,20,261.9999999999937,1703
328.22616321410686,20,262.1999999999937,1706
328.66567247651574,20,262.39999999999367,1707
328.81555877495816,20,262.59999999999366,1708
328.93030709640084,20,262.79999999999364,1709
329.5787514923897,20,262.99999999999363,1710
329.7063434885747,20,263.1999999999936,1712
330.1531636177527,20,263.3999999999936,1713
330.33553665169893,20,263.5999999999936,1714
330.4707493666986,20,263.7999999999936,1715
330.58906977657,20,263.9999999999936,1716
330.70688054796693,20,264.19999999999357,1719
330.86120101732274,20,264.39999999999355,1720
331.31409421939134,20,264.59999999999354,1721
331.97984564012734,20,264.79999999999353,1722
332.1268039742935,20,264.9999999999935,1723
332.2547261536296,20,265.1999999999935,1725
332.3823512078643,20,265.3999999999935,1726
332.5327504220593,20,265.5999999999935,1727
332.9180621196823,20,265.7999999999935,1728
333.33622409304,20,265.99999999999346,1729
333.5148251814447,20,266.19999999999345,1732
333.62566576686424,20,266.39999999999344,1733
333.7844570403165,20,266.59999999999343,1734
334.4420394053754,20,266.7999999999934,1735
334.5757280631247,20,266.9999999999934,1736
334.6971211460878,20,267.1999999999934,1738
335.1799265309119,20,267.3999999999934,1739
335.28459596190197,20,267.5999999999934,1740
335.41588399381374,20,267.79999999999336,1741
335.8935141433189,20,267.99999999999335,1742
335.99519556598005,20,268.19999999999334,1745
336.1694390229163,20,268.3999999999933,1746
336.29313213582736,20,268.5999999999933,1747
336.4319369863705,20,268.7999999999933,1748
337.0699395000076,20,268.9999999999933,1749
337.19505489874484,20,269.1999999999933,1751
337.65220718184815,20,269.39999999999327,1752
337.7541908827939,20,269.59999999999326,1753
337.9483994728886,20,269.79999999999325,1754
338.06899890104785,20,269.99999999999324,1755
338.1988133878789,20,270.1999999999932,1758
338.3409186799845,20,270.3999999999932,1759
338.4688278188079,20,270.5999999999932,1760
339.4043775804387,20,270.7999999999932,1761
339.5517993050915,20,270.9999999999932,1762
339.7247706138855,20,271.19999999999317,1764
339.8403920818037,20,271.39999999999316,1765
340.23086370801866,20,271.59999999999314,1766
340.36092257455977,20,271.79999999999313,1767
340.4892094591831,20,271.9999999999931,1768
340.9229931423366,20,272.1999999999931,1771
341.04668280296465,20,272.3999999999931,1772
341.69100109255953,20,272.5999999999931,1773
341.80683603801384,20,272.7999999999931,1774
341.96412028099496,20,272.99999999999307,1775
342.1221169135836,20,273.19999999999305,1777
342.26289074161707,20,273.39999999999304,1778
342.3831666229861,20,273.59999999999303,1779
342.8246451233062,20,273.799999999993,1780
342.96152718197123,20,273.999999999993,1781
343.1300064806017,20,274.199999999993,1784
343.54980045330655,20,274.399999999993,1785
344.1722370619771,20,274.599999999993,1786
344.3005537512899,20,274.79999999999296,1787
344.4429772217333,20,274.99999999999295,1788
344.6200597804438,20,275.19999999999294,1790
344.7578803511157,20,275.39999999999293,1791
344.87741880651674,20,275.5999999999929,1792
345.34273321851174,20,275.7999999999929,1793
345.4581023724498,20,275.9999999999929,1794
345.9249787673551,20,276.1999999999929,1797
346.04928253472167,20,276.3999999999929,1798
346.19520401670974,20,276.59999999999286,1799
346.35811891148666,20,276.79999999999285,1800
346.4955108868881,20,276.99999999999284,1801
347.1317803817028,20,277.1999999999928,1803
347.2544661540212,20,277.3999999999928,1804
347.43586403694127,20,277.5999999999928,1805
347.88361932118113,20,277.7999999999928,1806
347.98931579106255,20,277.9999999999928,1807
348.1165468096118,20,278.19999999999277,1810
348.2586292326071,20,278.39999999999276,1811
348.3978573428911,20,278.59999999999275,1812
348.8595204767021,20,278.79999999999274,1813
349.0085624948781,20,278.9999999999927,1814
349.1891418984644,20,279.1999999999927,1816
349.33818774724483,20,279.3999999999927,1817
350.2494729523914,20,279.5999999999927,1818
350.391942570661,20,279.7999999999927,1819
350.5167548930646,20,279.99999999999267,1820
350.65283934104235,20,280.19999999999266,1823
350.76289152204305,20,280.39999999999264,1824
350.8786538345809,20,280.59999999999263,1825
351.3198989484742,20,280.7999999999926,1826
351.48107419941385,20,280.9999999999926,1827
351.6230278072255,20,281.1999999999926,1829
352.53305117215825,20,281.3999999999926,1830
352.70934521819277,20,281.5999999999926,1831
352.8210917069462,20,281.79999999999256,1832
353.2755751271676,20,281.99999999999255,1833
353.389074407633,20,282.19999999999254,1836
353.540317848591,20,282.39999999999253,1837
354.2075230417794,20,282.5999999999925,1838
354.3616166810589,20,282.7999999999925,1839
354.46184141398743,20,282.9999999999925,1840
354.59171077453817,20,283.1999999999925,1842
354.72037672146706,20,283.3999999999925,1843
354.8915709119198,20,283.59999999999246,1844
355.3314270230496,20,283.79999999999245,1845
355.45035072291324,20,283.99999999999244,1846
355.5781430163109,20,284.19999999999243,1849
355.99557266750304,20,284.3999999999924,1850
356.11822748271595,20,284.5999999999924,1851
356.25404946091055,20,284.7999999999924,1852
356.9102741366226,20,284.9999999999924,1853
357.0194397646905,20,285.1999999999924,1855
357.19529746385143,20,285.39999999999236,1856
357.601524570196,20,285.59999999999235,1857
357.74467602457986,20,285.79999999999234,1858
357.929565544552,20,285.9999999999923,1859
358.0779920100284,20,286.1999999999923,1862
358.2160426582508,20,286.3999999999923,1863
358.6523079182696,20,286.5999999999923,1864
358.7843254483434,20,286.7999999999923,1865
358.9233378795371,20,286.99999999999227,1866
359.3517633010295,20,287.19999999999226,1868
359.98318344688835,20,287.39999999999225,1869
360.1470433859441,20,287.59999999999224,1870
360.2567805772513,20,287.7999999999922,1871
360.37342785513795,20,287.9999999999922,1872
360.5454918571734,20,288.1999999999922,1875
360.67336458097185,20,288.3999999999922,1876
361.13406427181263,20,288.5999999999922,1877
361.2490489748503,20,288.79999999999217,1878
361.9223766665479,20,288.99999999999216,1879
362.07117591723096,20,289.19999999999214,1881
362.1687336325679,20,289.39999999999213,1882
362.60541486198906,20,289.5999999999921,1883
362.7805967093496,20,289.7999999999921,1884
362.9390004284988,20,289.9999999999921,1885
363.05028438143626,20,290.1999999999921,1888
363.20188613111304,20,290.3999999999921,1889
363.6479692011925,20,290.59999999999206,1890
363.8001849530264,20,290.79999999999205,1891
363.9298321279117,20,290.99999999999204,1892
364.09205392702734,20,291.19999999999203,1894
364.5559950424348,20,291.399999999992,1895
365.1960327046002,20,291.599999999992,1896
365.3306010934258,20,291.799999999992,1897
365.46271077481424,20,291.999999999992,1898
365.90871810452217,20,292.199999999992,1901
366.55605186280485,20,292.39999999999196,1902
366.69782363020636,20,292.59999999999195,1903
366.83572739423533,20,292.79999999999194,1904
366.9780713558175,20,292.9999999999919,1905
367.1384676012423,20,293.1999999999919,1907
367.2887560772599,20,293.3999999999919,1908
367.72394487234953,20,293.5999999999919,1909
367.8505186386896,20,293.7999999999919,1910
368.04824541772126,20,293.99999999999187,1911
368.4199885265918,20,294.19999999999186,1914
368.59375096807395,20,294.39999999999185,1915
368.7192071342299,20,294.59999999999184,1916
368.90519185742215,20,294.7999999999918,1917
369.49261800370016,20,294.9999999999918,1918
369.6307297144615,20,295.1999999999918,1920
369.7841925925501,20,295.3999999999918,1921
370.2121979096135,20,295.5999999999918,1922
370.35685728787786,20,295.79999999999177,1923
370.5228695643762,20,295.99999999999176,1924
370.6714166042742,20,296.19999999999175,1927
370.8111948093143,20,296.39999999999173,1928
371.254700394885,20,296.5999999999917,1929
371.3873756456485,20,296.7999999999917,1930
371.4914086195881,20,296.9999999999917,1931
372.1397264829554,20,297.1999999999917,1933
372.5839375747188,20,297.3999999999917,1934
372.70465256195905,20,297.59999999999167,1935
372.8429575652599,20,297.79999999999166,1936
373.0113091019096,20,297.99999999999164,1937
373.1399952352411,20,298.19999999999163,1940
373.3036145244985,20,298.3999999999916,1941
373.4444274358761,20,298.5999999999916,1942
373.8750660728172,20,298.7999999999916,1943
374.0265741613644,20,298.9999999999916,1944
374.16956776449,20,299.1999999999916,1946
374.82197243130696,20,299.39999999999156,1947
374.95210978393874,20,299.59999999999155,1948
375.3859300031358,20,299.79999999999154,1949
375.5178836791568,20,299.99999999999153,1950
375.65744559166876,20,300.1999999999915,1953
375.81985697310944,20,300.3999999999915,1954
376.24593111076575,20,300.5999999999915,1955
376.34885605399035,20,300.7999999999915,1956
377.0285530695558,20,300.9999999999915,1957
377.19389295782787,20,301.19999999999146,1959
377.3173165436442,20,301.39999999999145,1960
377.46306146954265,20,301.59999999999144,1961
377.93095604679905,20,301.7999999999914,1962
378.0598875260134,20,301.9999999999914,1963
378.17884027425094,20,302.1999999999914,1966
378.2947198117918,20,302.3999999999914,1967
378.7781591090484,20,302.5999999999914,1968
379.407451477663,20,302.79999999999137,1969
379.5487240195855,20,302.99999999999136,1970
379.6666905665056,20,303.19999999999135,1972
379.77863969920435,20,303.39999999999134,1973
379.9026726016228,20,303.5999999999913,1974
380.3896163608227,20,303.7999999999913,1975
380.52355924359887,20,303.9999999999913,1976
380.6942723443385,20,304.1999999999913,1979
380.8352378855307,20,304.3999999999913,1980
381.2835405705199,20,304.59999999999127,1981
381.41383405129227,20,304.79999999999126,1982
381.5441109743681,20,304.99999999999125,1983
382.17932345568346,20,305.19999999999123,1985
382.6013599397131,20,305.3999999999912,1986
382.7476020600901,20,305.5999999999912,1987
382.9000802225005,20,305.7999999999912,1988
383.0165608111725,20,305.9999999999912,1989
383.1316291543148,20,306.1999999999912,1992
383.31044584032014,20,306.39999999999117,1993
383.7633530085889,20,306.59999999999116,1994
383.90249319899357,20,306.79999999999114,1995
384.042815624343,20,306.99999999999113,1996
384.7130128627667,20,307.1999999999911,1998
384.84565112650307,20,307.3999999999911,1999
384.9967385228543,20,307.5999999999911,2000
385.1797579886893,20,307.7999999999911,2001
385.6393404652882,20,307.9999999999911,2002
386.0624886432609,20,308.19999999999106,2005
386.2023127765799,20,308.39999999999105,2006
386.3096217713028,20,308.59999999999104,2007
386.44634044388255,20,308.79999999999103,2008
386.59767157166937,20,308.999999999991,2009
387.21313861574447,20,309.199999999991,2011
387.3528849176263,20,309.399999999991,2012
387.8124770862649,20,309.599999999991,2013
387.9486367449204,20,309.799999999991,2014
388.05035655823735,20,309.99999999999096,2015
388.2052516138076,20,310.19999999999095,2018
388.3378484138697,20,310.39999999999094,2019
388.4820919456965,20,310.5999999999909,2020
388.96918564352677,20,310.7999999999909,2021
389.8641633912228,20,310.9999999999909,2022
390.0276304428731,20,311.1999999999909,2024
390.1499636170178,20,311.3999999999909,2025
390.2588030136128,20,311.59999999999087,2026
390.4246443936841,20,311.79999999999086,2027
390.56358428138225,20,311.99999999999085,2028
390.7207180632127,20,312.19999999999084,2031
391.15742625004395,20,312.3999999999908,2032
391.2641836865661,20,312.5999999999908,2033
391.416355197004,20,312.7999999999908,2034
392.05030750426397,20,312.9999999999908,2035
392.17213151388825,20,313.1999999999908,2037
392.3220069617938,20,313.39999999999077,2038
392.46728523524024,20,313.59999999999076,2039
392.9426005345898,20,313.79999999999075,2040
393.058443581005,20,313.99999999999073,2041
393.2074947576427,20,314.1999999999907,2044
393.33885267493474,20,314.3999999999907,2045
394.2675806162995,20,314.5999999999907,2046
394.40441026671635,20,314.7999999999907,2047
394.50117148440023,20,314.9999999999907,2048
394.6555368215218,20,315.19999999999067,2050
394.8016907622093,20,315.39999999999065,2051
394.9138557552912,20,315.59999999999064,2052
395.0509112260226,20,315.79999999999063,2053
395.5026107923782,20,315.9999999999906,2054
395.6067985304654,20,316.1999999999906,2057
395.7517968375836,20,316.3999999999906,2058
395.86761267768657,20,316.5999999999906,2059
396.35025322114603,20,316.7999999999906,2060
396.9419918258719,20,316.99999999999056,2061
397.07821678293527,20,317.19999999999055,2063
397.2203907897801,20,317.39999999999054,2064
397.6698159971197,20,317.59999999999053,2065
397.83498388276814,20,317.7999999999905,2066
397.97903660671466,20,317.9999999999905,2067
398.1381473242511,20,318.1999999999905,2070
398.2784473196453,20,318.3999999999905,2071
398.70498317464427,20,318.5999999999905,2072
398.84613120444,20,318.79999999999046,2073
399.0135234921032,20,318.99999999999045,2074
399.6323140985932,20,319.19999999999044,2076
399.7921755887062,20,319.3999999999904,2077
400.2190984516433,20,319.5999999999904,2078
400.40261030329043,20,319.7999999999904,2079
400.8459535022003,20,319.9999999999904,2080
400.99148477449097,20,320.1999999999904,2083
401.1200688820599,20,320.39999999999037,2084
401.22986929515275,20,320.59999999999036,2085
401.43079804628235,20,320.79999999999035,2086
402.0484650718966,20,320.99999999999034,2087
402.19370915813244,20,321.1999999999903,2089
402.32253532731755,20,321.3999999999903,2090
402.78010035316527,20,321.5999999999903,2091
402.9152789681715,20,321.7999999999903,2092
403.0394550369766,20,321.9999999999903,2093
403.17398702027515,20,322.19999999999027,2096
404.1535995768144,20,322.39999999999026,2097
404.26704597499815,20,322.59999999999025,2098
404.4213410196394,20,322.79999999999023,2099
404.5452286233254,20,322.9999999999902,2100
404.71238738080257,20,323.1999999999902,2102
404.87775508184683,20,323.3999999999902,2103
404.9816080045197,20,323.5999999999902,2104
405.4584608074868,20,323.7999999999902,2105
405.5946417318752,20,323.99999999999017,2106
405.7162171914748,20,324.19999999999015,2109
405.87882306511824,20,324.39999999999014,2110
406.31875618988767,20,324.59999999999013,2111
406.452357399154,20,324.7999999999901,2112
407.1161003641618,20,324.9999999999901,2113
407.2390763556345,20,325.1999999999901,2115
407.36076165210244,20,325.3999999999901,2116
407.5437174192385,20,325.5999999999901,2117
407.97550678363126,20,325.79999999999006,2118
408.0927691030983,20,325.99999999999005,2119
408.2579185949464,20,326.19999999999004,2122
408.4061713986476,20,326.39999999999003,2123
408.5851298517048,20,326.59999999999,2124
408.7092487771842,20,326.79999999999,2125
409.16358012759486,20,326.99999999999,2126
409.29912025203,20,327.19999999999,2128
409.4392524460144,20,327.39999999999,2129
410.3625461122112,20,327.59999999998996,2130
410.51202819172164,20,327.79999999998995,2131
410.61202432938524,20,327.99999999998994,2132
410.786302539942,20,328.1999999999899,2135
410.9047016765197,20,328.3999999999899,2136
411.3475883474505,20,328.5999999999899,2137
411.47932891840804,20,328.7999999999899,2138
411.61765303533537,20,328.9999999999899,2139
411.76667599814846,20,329.19999999998987,2141
412.41989985513965,20,329.39999999998986,2142
412.5736458153511,20,329.59999999998985,2143
413.0375847108,20,329.79999999998984,2144
413.145611475186,20,329.9999999999898,2145
414.1158636265982,20,330.1999999999898,2148
414.24126985561566,20,330.3999999999898,2149
414.3907849636234,20,330.5999999999898,2150
414.5456024069034,20,330.7999999999898,2151
414.6991443995974,20,330.99999999998977,2152
414.8462480423571,20,331.19999999998976,2154
414.9729493092652,20,331.39999999998975,2155
415.43245747619113,20,331.59999999998973,2156
415.5694187993028,20,331.7999999999897,2157
415.71036166037356,20,331.9999999999897,2158
415.8617973584158,20,332.1999999999897,2161
415.9674388849157,20,332.3999999999897,2162
416.1316890944565,20,332.5999999999897,2163
416.5496298629377,20,332.79999999998967,2164
417.1932166099147,20,332.99999999998965,2165
417.3239191662289,20,333.19999999998964,2167
417.44286448653565,20,333.39999999998963,2168
417.571031878963,20,333.5999999999896,2169
418.03656667932586,20,333.7999999999896,2170
418.1923136431057,20,333.9999999999896,2171
418.3415980724213,20,334.1999999999896,2174
418.467463314618,20,334.3999999999896,2175
418.92029658190773,20,334.59999999998956,2176
419.0780724155424,20,334.79999999998955,2177
419.23571170418893,20,334.99999999998954,2178
419.8609487120948,20,335.19999999998953,2180
420.00577497734486,20,335.3999999999895,2181
420.4654869051595,20,335.5999999999895,2182
420.60106400736356,20,335.7999999999895,2183
420.71404256969856,20,335.9999999999895,2184
420.8771592468754,20,336.1999999999895,2187
421.0521172368411,20,336.39999999998946,2188
421.16837095562164,20,336.59999999998945,2189
421.59358601328637,20,336.79999999998944,2190
421.7358489517648,20,336.9999999999894,2191
421.8487146220651,20,337.1999999999894,2193
421.99291259580986,20,337.3999999999894,2194
422.9497602319923,20,337.5999999999894,2195
423.0881434679242,20,337.7999999999894,2196
423.22795313315436,20,337.99999999998937,2197
423.3220421110349,20,338.19999999998936,2200
423.540896811231,20,338.39999999998935,2201
423.65830693630784,20,338.59999999998934,2202
424.1114938232572,20,338.7999999999893,2203
424.25773748235645,20,338.9999999999893,2204
424.44065224646545,20,339.1999999999893,2206
425.0896425889229,20,339.3999999999893,2207
425.47150768505037,20,339.5999999999893,2208
425.66453057343784,20,339.79999999998927,2209
425.7668343883852,20,339.99999999998926,2210
425.9649978477982,20,340.19999999998925,2213
426.11422398394706,20,340.39999999998923,2214
426.2477162159599,20,340.5999999999892,2215
426.6857187640315,20,340.7999999999892,2216
426.8364139281211,20,340.9999999999892,2217
426.9773065096806,20,341.1999999999892,2219
427.11543456862523,20,341.3999999999892,2220
428.0395232308377,20,341.59999999998917,2221
428.2320259986212,20,341.79999999998915,2222
428.3562772513652,20,341.99999999998914,2223
428.53230390306175,20,342.19999999998913,2226
428.6628290445136,20,342.3999999999891,2227
429.58979886435685,20,342.5999999999891,2228
429.7446131189499,20,342.7999999999891,2229
429.8823540996243,20,342.9999999999891,2230
430.01179787065354,20,343.1999999999891,2232
430.15152746371615,20,343.39999999998906,2233
430.25332793124085,20,343.59999999998905,2234
430.71562282555806,20,343.79999999998904,2235
430.86995339164827,20,343.99999999998903,2236
430.99569922243074,20,344.199999999989,2239
431.42478315771393,20,344.399999999989,2240
431.5870279702945,20,344.599999999989,2241
431.697296030677,20,344.799999999989,2242
431.8655256848008,20,344.999999999989,2243
432.50970371061874,20,345.19999999998896,2245
432.6302332890666,20,345.39999999998895,2246
433.03979983937506,20,345.59999999998894,2247
433.17890846096356,20,345.7999999999889,2248
433.33226849983066,20,345.9999999999889,2249
433.4843302132879,20,346.1999999999889,2252
433.6532601610663,20,346.3999999999889,2253
434.078594101154,20,346.5999999999889,2254
434.21978695992243,20,346.79999999998887,2255
434.34060864669937,20,346.99999999998886,2256
434.539626522311,20,347.19999999998885,2258
435.18040247673514,20,347.39999999998884,2259
435.5824486144325,20,347.5999999999888,2260
435.74985582248013,20,347.7999999999888,2261
435.85121932963096,20,347.9999999999888,2262
436.04629798374594,20,348.1999999999888,2265
436.47585048053026,20,348.3999999999888,2266
437.1426793188227,20,348.59999999998877,2267
437.2687260809625,20,348.79999999998876,2268
437.4459404368319,20,348.99999999998875,2269
437.57150300452724,20,349.19999999998873,2271
437.69168256262566,20,349.3999999999887,2272
438.11638073778425,20,349.5999999999887,2273
438.2360516949669,20,349.7999999999887,2274
438.36935731348956,20,349.9999999999887,2275
438.50494296591705,20,350.1999999999887,2278
438.6458969544849,20,350.39999999998867,2279
438.7783435912444,20,350.59999999998865,2280
439.7087608609988,20,350.79999999998864,2281
439.85249999914845,20,350.99999999998863,2282
440.0061833659488,20,351.1999999999886,2284
440.127051254061,20,351.3999999999886,2285
440.26034093167624,20,351.5999999999886,2286
440.73478289328295,20,351.7999999999886,2287
440.85223486811594,20,351.9999999999886,2288
440.97727352557285,20,352.19999999998856,2291
441.1351631152074,20,352.39999999998855,2292
441.27105149706,20,352.59999999998854,2293
442.22432502395856,20,352.79999999998853,2294
442.33572881215866,20,352.9999999999885,2295
442.4611011457882,20,353.1999999999885,2297
442.59633331784784,20,353.3999999999885,2298
443.0457582719844,20,353.5999999999885,2299
443.16855230648747,20,353.7999999999885,2300
443.34607819413003,20,353.99999999998846,2301
443.45582806890457,20,354.19999999998845,2304
443.60142017816287,20,354.39999999998844,2305
444.0471340060737,20,354.5999999999884,2306
444.23524738289774,20,354.7999999999884,2307
444.85791918133805,20,354.9999999999884,2308
444.9476052707418,20,355.1999999999884,2310
445.4068216440052,20,355.3999999999884,2311
445.5565266010124,20,355.59999999998837,2312
445.7159364014116,20,355.79999999998836,2313
445.8300494568457,20,355.99999999998835,2314
446.27160864459785,20,356.19999999998834,2317
446.42372104499185,20,356.3999999999883,2318
446.5511416538538,20,356.5999999999883,2319
446.68358705615196,20,356.7999999999883,2320
446.82272063800474,20,356.9999999999883,2321
447.47286045807124,20,357.1999999999883,2323
447.9266665834225,20,357.39999999998827,2324
448.09181934833424,20,357.59999999998826,2325
448.2121535352127,20,357.79999999998824,2326
448.64805712850006,20,357.99999999998823,2327
449.25315388492237,20,358.1999999999882,2330
449.420974419185,20,358.3999999999882,2331
449.5657601015637,20,358.5999999999882,2332
449.69887455964545,20,358.7999999999882,2333
449.861333980161,20,358.9999999999882,2334
449.9859944679002,20,359.19999999998817,2336
450.14244910207907,20,359.39999999998815,2337
450.57812046174575,20,359.59999999998814,2338
450.71353460875264,20,359.79999999998813,2339
450.84708001697953,20,359.9999999999881,2340
451.48392265006413,20,360.1999999999881,2343
451.60201020077375,20,360.3999999999881,2344
451.76637185938483,20,360.5999999999881,2345
451.8842623036018,20,360.7999999999881,2346
452.34749924962654,20,360.99999999998806,2347
452.4976304488442,20,361.19999999998805,2349
452.6438893527249,20,361.39999999998804,2350
453.08382885450965,20,361.59999999998803,2351
453.2365307045096,20,361.799999999988,2352
453.34971955644045,20,361.999999999988,2353
453.8492332379922,20,362.199999999988,2356
453.9737358092946,20,362.399999999988,2357
454.0792121383567,20,362.599999999988,2358
454.25390438204914,20,362.79999999998796,2359
454.8629797845679,20,362.99999999998795,2360
455.29447968442537,20,363.19999999998794,2362
455.4489595170182,20,363.3999999999879,2363
455.5736598632087,20,363.5999999999879,2364
455.7006456315594,20,363.7999999999879,2365
455.83904654550463,20,363.9999999999879,2366
455.9972209605253,20,364.1999999999879,2369
456.13351310392363,20,364.39999999998787,2370
456.5531696855561,20,364.59999999998786,2371
457.2129761359694,20,364.79999999998785,2372
457.3627789279063,20,364.99999999998784,2373
457.49217394521054,20,365.1999999999878,2375
457.63651131914537,20,365.3999999999878,2376
457.7823085271248,20,365.5999999999878,2377
458.2682558438819,20,365.7999999999878,2378
458.38702097970116,20,365.9999999999878,2379
458.4636409081322,20,366.19999999998777,2382
458.94790189769134,20,366.39999999998776,2383
459.07377976272,20,366.59999999998774,2384
459.2084696221782,20,366.79999999998773,2385
460.1524591539895,20,366.9999999999877,2386
460.30157030990824,20,367.1999999999877,2388
460.441692505441,20,367.3999999999877,2389
460.5991566396505,20,367.5999999999877,2390
460.7607578929105,20,367.7999999999877,2391
460.897569837705,20,367.99999999998766,2392
461.04536864847717,20,368.19999999998765,2395
461.181694218936,20,368.39999999998764,2396
461.3042005072596,20,368.59999999998763,2397
461.7421871608887,20,368.7999999999876,2398
461.8445544611933,20,368.9999999999876,2399
461.9999330803454,20,369.1999999999876,2401
462.1383236905509,20,369.3999999999876,2402
463.0832731356141,20,369.5999999999876,2403
463.1703870110921,20,369.79999999998756,2404
463.3555897614646,20,369.99999999998755,2405
463.4619299602546,20,370.19999999998754,2408
463.60149129068424,20,370.39999999998753,2409
464.5722043715679,20,370.5999999999875,2410
464.71913578455815,20,370.7999999999875,2411
464.8548370008748,20,370.9999999999875,2412
465.00611322066004,20,371.1999999999875,2414
465.1604045993444,20,371.3999999999875,2415
465.28249854609476,20,371.59999999998746,2416
465.7235408862286,20,371.79999999998745,2417
465.8639768886742,20,371.99999999998744,2418
466.01146848089877,20,372.1999999999874,2421
466.1252589456174,20,372.3999999999874,2422
466.56841998143744,20,372.5999999999874,2423
466.7111747244444,20,372.7999999999874,2424
467.34967595373325,20,372.9999999999874,2425
467.4702642012306,20,373.19999999998737,2427
467.98901307789674,20,373.39999999998736,2428
468.0995593011472,20,373.59999999998735,2429
468.23802823056866,20,373.79999999998734,2430
468.417576358523,20,373.9999999999873,2431
468.55832111574534,20,374.1999999999873,2434
468.6981732731876,20,374.3999999999873,2435
469.0801185816903,20,374.5999999999873,2436
469.2119609049084,20,374.7999999999873,2437
469.3869698364215,20,374.99999999998727,2438
470.01538017045925,20,375.19999999998726,2440
470.452090342448,20,375.39999999998724,2441
470.56929105700027,20,375.59999999998723,2442
470.69653677222,20,375.7999999999872,2443
470.79659154748174,20,375.9999999999872,2444
470.952747360549,20,376.1999999999872,2447
471.10230648749325,20,376.3999999999872,2448
471.5473400002682,20,376.5999999999872,2449
471.64580477114873,20,376.79999999998716,2450
471.8222112524137,20,376.99999999998715,2451
472.4435917384803,20,377.19999999998714,2453
472.9467969487156,20,377.39999999998713,2454
473.0840093468817,20,377.5999999999871,2455
473.218380974657,20,377.7999999999871,2456
473.37542428149527,20,377.9999999999871,2457
473.4851863914489,20,378.1999999999871,2460
473.61069221594215,20,378.3999999999871,2461
473.7798339824214,20,378.59999999998706,2462
474.2847903732307,20,378.79999999998705,2463
474.4034825812621,20,378.99999999998704,2464
474.51910817198615,20,379.199999999987,2466
475.1604398010728,20,379.399999999987,2467
475.2984598013755,20,379.599999999987,2468
475.70931405042234,20,379.799999999987,2469
475.8621158368074,20,379.999999999987,2470
476.01679519206493,20,380.19999999998697,2473
476.1463172082543,20,380.39999999998696,2474
476.27168854312896,20,380.59999999998695,2475
477.19983273407064,20,380.79999999998694,2476
477.3515382207413,20,380.9999999999869,2477
477.48620332871434,20,381.1999999999869,2479
477.6030866674976,20,381.3999999999869,2480
477.75593999279283,20,381.5999999999869,2481
477.8683858340302,20,381.7999999999869,2482
478.35638114599396,20,381.99999999998687,2483
478.5006677871769,20,382.19999999998686,2486
478.9391969941355,20,382.39999999998685,2487
479.0654347217194,20,382.59999999998684,2488
479.1918758867013,20,382.7999999999868,2489
480.15683366515356,20,382.9999999999868,2490
480.2830691681616,20,383.1999999999868,2492
480.4411513189487,20,383.3999999999868,2493
480.6028083710469,20,383.5999999999868,2494
480.73697905309444,20,383.79999999998677,2495
481.16008220752434,20,383.99999999998676,2496
481.2932434612481,20,384.19999999998674,2499
481.4200515141876,20,384.39999999998673,2500
482.0622766144272,20,384.5999999999867,2501
482.20348235133866,20,384.7999999999867,2502
482.33998581009087,20,384.9999999999867,2503
482.4793119766244,20,385.1999999999867,2505
482.6556535509643,20,385.3999999999867,2506
482.7821919001319,20,385.59999999998666,2507
483.206992588299,20,385.79999999998665,2508
483.3501975617314,20,385.99999999998664,2509
483.475268086994,20,386.19999999998663,2512
483.6509567892154,20,386.3999999999866,2513
483.7656066119287,20,386.5999999999866,2514
483.89265732900833,20,386.7999999999866,2515
484.3437086439673,20,386.9999999999866,2516
484.46098628626163,20,387.1999999999866,2518
484.5896247661901,20,387.39999999998656,2519
485.52536313831575,20,387.59999999998655,2520
485.652543124166,20,387.79999999998654,2521
485.76099365372033,20,387.9999999999865,2522
485.8876778007865,20,388.1999999999865,2525
486.05395768627477,20,388.3999999999865,2526
486.1949453317798,20,388.5999999999865,2527
486.6888773441699,20,388.7999999999865,2528
486.7994063644538,20,388.99999999998647,2529
486.96871077237125,20,389.19999999998646,2531
487.11774976221136,20,389.39999999998645,2532
487.20741575728795,20,389.59999999998644,2533
488.21183350218445,20,389.7999999999864,2534
488.3682358018963,20,389.9999999999864,2535
488.5011162258874,20,390.1999999999864,2538
488.6604545020535,20,390.3999999999864,2539
489.5815654321726,20,390.5999999999864,2540
489.7320646732778,20,390.79999999998637,2541
489.8983493654949,20,390.99999999998636,2542
490.04371656794063,20,391.19999999998635,2544
490.1802791941339,20,391.39999999998633,2545
490.6128964515803,20,391.5999999999863,2546
490.7593147821929,20,391.7999999999863,2547
490.89519410375425,20,391.9999999999863,2548
491.06537313831353,20,392.1999999999863,2551
491.17284530862446,20,392.3999999999863,2552
492.1003068204516,20,392.59999999998627,2553
492.26540843874454,20,392.79999999998626,2554
492.4309698034329,20,392.99999999998624,2555
492.5806631058359,20,393.19999999998623,2557
492.69897445927916,20,393.3999999999862,2558
492.82111113951584,20,393.5999999999862,2559
493.248787916516,20,393.7999999999862,2560
493.68339121134215,20,393.9999999999862,2561
493.851609307994,20,394.1999999999862,2564
493.9724175091838,20,394.39999999998616,2565
494.08345865302715,20,394.59999999998615,2566
494.2299919373909,20,394.79999999998614,2567
494.89774788410256,20,394.99999999998613,2568
495.03202579267577,20,395.1999999999861,2570
495.45579158768743,20,395.3999999999861,2571
495.5953491584314,20,395.5999999999861,2572
495.7705324296707,20,395.7999999999861,2573
495.89258796157196,20,395.9999999999861,2574
496.3169570343003,20,396.19999999998606,2577
496.4701127440368,20,396.39999999998605,2578
496.6157769994731,20,396.59999999998604,2579
496.78914871832484,20,396.799999999986,2580
496.9003850149836,20,396.999999999986,2581
497.500696576899,20,397.199999999986,2583
497.96473150129435,20,397.399999999986,2584
498.100524691502,20,397.599999999986,2585
498.2410446461836,20,397.79999999998597,2586
498.3731300142913,20,397.99999999998596,2587
498.50378429287275,20,398.19999999998595,2590
498.62500545693155,20,398.39999999998594,2591
499.06373159092965,20,398.5999999999859,2592
499.2109640232043,20,398.7999999999859,2593
499.37017040916396,20,398.9999999999859,2594
499.9907729526572,20,399.1999999999859,2596
