1.1209351247742512,200,0,2
3.61288147750119,200,2,14
7.757418030965392,200,4,26
8.956481297477932,200,6,39
12.32226442500947,200,8,52
14.572959100846836,200,10,66
17.344896981532628,200,12,79
19.973593861129505,200,14,92
22.161494509217693,200,16,105
24.247539947177252,200,18,118
27.106501076093913,200,20,131
29.512445638409005,200,22,144
32.07830987425314,200,24,157
34.63451388489538,200,26,170
37.673937886480545,200,28,183
39.470645940668426,200,30,196
42.122256280357234,200,32,209
44.65107371984552,200,34,222
47.69579177188099,200,36,235
50.1195056482012,200,38,247
51.76656569189847,200,40,260
54.63916639880561,200,42,273
57.61896351145292,200,44,286
58.54928871884829,200,46,299
61.826198747985075,200,48,312
64.01007526503035,200,50,325
67.14907230961167,200,52,338
69.9709430491749,200,54,351
72.16289685697326,200,56,364
74.6814576190475,200,58,377
76.51205057886479,200,60,390
78.99926616644807,200,62,403
82.16375828884692,200,64,416
85.23428088482619,200,66,429
86.6144180496856,200,68,442
89.38980128871928,200,70,455
92.6785063997832,200,72,468
94.30646988710876,200,74,481
97.02913125908313,200,76,494
100.04223498004347,200,78,507
101.69943546861208,200,80,520
104.73799154269253,200,82,533
106.88319298154434,200,84,546
109.40890436204675,200,86,559
112.62160294191135,200,88,572
114.38657463020806,200,90,585
116.77734976571382,200,92,598
119.74140308857416,200,94,611
121.99720688719988,200,96,624
124.08190430543375,200,98,637
127.74091886320198,200,100,650
129.39378779076057,200,102,663
132.0242832621091,200,104,676
134.97122938433932,200,106,689
137.0368982618386,200,108,702
139.47035434139337,200,110,715
141.82091696319128,200,112,728
144.13502083273448,200,114,741
146.7630697700615,200,116,754
150.25546215981294,200,118,767
151.64470616547825,200,120,780
154.04312740792233,200,122,793
157.16770922323008,200,124,806
160.09947061812957,200,126,819
161.98432189324504,200,128,832
164.25172318161492,200,130,845
166.87184870568646,200,132,858
169.69556798120388,200,134,871
171.9258074726046,200,136,884
173.4025562689005,200,138,897
175.95402340289996,200,140,910
178.98154339940163,200,142,923
181.8479642599757,200,144,936
184.40300657336843,200,146,949
186.73818692105627,200,148,962
189.87207719460963,200,150,975
191.4852617377067,200,152,989
194.3534899533418,200,154,1002
197.12687533861288,200,156,1015
199.08335096862587,200,158,1028
201.71103632979805,200,160,1041
204.18918161711736,200,162,1054
206.83293029076322,200,164,1067
209.94828255067156,200,166,1080
211.30733657030015,200,168,1093
213.82353457126607,200,170,1106
217.39021233755196,200,172,1119
218.85618180043542,200,174,1132
221.76477753454475,200,176,1145
224.52520574648676,200,178,1158
226.17244430663922,200,180,1171
229.1339799715293,200,182,1184
231.71308155643564,200,184,1197
234.015331377745,200,186,1210
236.2182925941427,200,188,1223
238.3859519379652,200,190,1236
241.5373601546143,200,192,1249
244.315579209866,200,194,1262
246.5913961979573,200,196,1275
249.729172482957,200,198,1288
252.45119472137034,200,200,1301
254.04725623995515,200,202,1314
256.79497937841506,200,204,1327
259.97457523870435,200,206,1340
261.33358329676383,200,208,1353
264.93973795108167,200,210,1366
266.2074007768528,200,212,1379
269.15901813730187,200,214,1392
272.2178325966851,200,216,1405
274.1558402476248,200,218,1418
276.08846878490493,200,220,1431
279.1799303071137,200,222,1444
280.8398436655489,200,224,1457
284.12589189628494,200,226,1470
287.0186436663553,200,228,1483
288.83951183147656,200,230,1496
291.57357325394656,200,232,1509
294.01319824788754,200,234,1522
296.8154327642836,200,236,1535
299.3349444990042,200,238,1548
302.53917972640653,200,240,1561
304.3731338501645,200,242,1574
306.83413380354034,200,244,1587
309.3635264902216,200,246,1600
312.6133835475499,200,248,1613
314.4167084993895,200,250,1626
316.56651336583593,200,252,1639
319.4092900637416,200,254,1652
322.4668019200269,200,256,1665
324.0064092852056,200,258,1678
327.5275349598347,200,260,1691
329.42573358681125,200,262,1704
331.836268527116,200,264,1717
334.2634454805277,200,266,1730
336.8994092400941,200,268,1743
339.00177325003443,200,270,1756
341.55219022913195,200,272,1769
344.0321752528749,200,274,1782
346.9622370890325,200,276,1795
350.04573881905196,200,278,1808
352.3698810101077,200,280,1821
354.05433843487543,200,282,1834
356.7474165132742,200,284,1847
359.86037828032835,200,286,1860
361.7477646579452,200,288,1873
365.06729888841704,200,290,1886
366.4077632665447,200,292,1899
369.34814090926324,200,294,1912
372.0167590867207,200,296,1925
374.66330926240795,200,298,1938
376.8821760428508,200,300,1951
379.28701330600666,200,302,1964
382.01497962882456,200,304,1977
384.5746799569424,200,306,1990
387.08357684147876,200,308,2003
389.4475327524932,200,310,2016
391.9170972496243,200,312,2029
393.791567935461,200,314,2042
396.83110303387923,200,316,2055
399.5005004055185,200,318,2068
401.88978758578423,200,320,2081
404.0199102626934,200,322,2094
406.97462232266184,200,324,2107
409.9265234708392,200,326,2120
412.2788757031155,200,328,2133
413.93949638456627,200,330,2146
417.0647288435025,200,332,2159
419.7473553391836,200,334,2172
422.81024216721585,200,336,2185
424.90709744582136,200,338,2198
427.90030664064125,200,340,2211
429.4475119184475,200,342,2224
432.39519186903505,200,344,2237
435.00875148579286,200,346,2250
436.9884639104462,200,348,2263
439.5865420213319,200,350,2276
442.0644699251138,200,352,2289
444.7022775539058,200,354,2302
447.34769450391315,200,356,2315
449.122894112203,200,358,2328
451.33846525557453,200,360,2341
454.7364406934675,200,362,2354
457.04825208189084,200,364,2367
459.69717871920517,200,366,2380
462.6409008642794,200,368,2393
464.4321965280451,200,370,2406
467.2111236500077,200,372,2419
469.8608662536871,200,374,2432
472.31473739462126,200,376,2445
474.9818036498642,200,378,2458
477.0954724455762,200,380,2471
479.7171316736828,200,382,2484
481.9276993917191,200,384,2497
485.3727849643188,200,386,2510
488.0898304394812,200,388,2523
489.46904384398266,200,390,2536
491.97173788934765,200,392,2549
494.7472692007269,200,394,2562
497.4082100354606,200,396,2575
499.8340029634435,200,398,2588
