192.168.0.0 utilization summary 
0.0 
0.84 
1.0 
1.0 
1.0 
0.16 
0.9 
1.0 
1.0 
1.0 
0.1 
0.87 
1.0 
1.0 
1.0 
0.13 
0.76 
1.0 
1.0 
1.0 
0.24 
0.59 
1.0 
1.0 
1.0 
0.41 
0.84 
1.0 
1.0 
1.0 
0.16 
0.93 
1.0 
1.0 
1.0 
0.15 
1.0 
1.0 
1.0 
0.92 
0.0 
0.93 
1.0 
1.0 
1.0 
0.07 
0.93 
1.0 
1.0 
1.0 
0.07 
0.98 
1.0 
1.0 
1.0 
0.02 
0.93 
1.0 
1.0 
1.0 
0.1 
1.0 
1.0 
1.0 
0.97 
0.0 
0.97 
1.0 
1.0 
1.0 
0.1 
1.0 
1.0 
1.0 
0.93 
0.11 
1.0 
1.0 
1.0 
0.89 
0.0 
0.91 
1.0 
1.0 
1.0 
0.12 
1.0 
1.0 
1.0 
0.97 
0.08 
1.0 
1.0 
1.0 
0.92 
0.04 
1.0 
1.0 
1.0 
0.96 
