listener server S1 50
1.2948186959994732,10,0
2.630689186854763,10,0.2
3.008064143187302,10,0.4
3.090967836370814,10,0.6000000000000001
3.242536590371578,10,0.8
3.3741114913577053,10,1.0
3.4858712451154514,10,1.2
4.604526225009339,10,1.4
5.168220380836514,10,1.5999999999999999
5.299271803071166,10,1.7999999999999998
5.430879221354914,10,1.9999999999999998
5.552685213680269,10,2.1999999999999997
5.684218134937091,10,2.4
6.748964530391299,10,2.6
7.245423924237669,10,2.8000000000000003
7.340377646854829,10,3.0000000000000004
7.448198410366345,10,3.2000000000000006
7.607140109138788,10,3.400000000000001
7.753966908780929,10,3.600000000000001
7.867385288571304,10,3.800000000000001
8.979216888471129,10,4.000000000000001
9.481312559919907,10,4.200000000000001
9.569304157248645,10,4.400000000000001
9.68936921059535,10,4.600000000000001
9.823511754883906,10,4.800000000000002
9.932998109635811,10,5.000000000000002
10.264528542237338,10,5.200000000000002
11.18269165011607,10,5.400000000000002
11.676348875635584,10,5.600000000000002
11.80763263442292,10,5.8000000000000025
11.918530338578718,10,6.000000000000003
12.042672047729438,10,6.200000000000003
12.128977600334736,10,6.400000000000003
13.224951181273859,10,6.600000000000003
13.716840513862822,10,6.800000000000003
13.836317984602793,10,7.0000000000000036
13.977589312377079,10,7.200000000000004
14.07853031652216,10,7.400000000000004
14.236583128539722,10,7.600000000000004
14.359281190802335,10,7.800000000000004
15.366110872864754,10,8.000000000000004
15.920741795674816,10,8.200000000000003
16.063860628985186,10,8.400000000000002
16.194838905991507,10,8.600000000000001
16.290127301853442,10,8.8
16.387572951283797,10,9.0
17.070687034545585,10,9.2
17.58159150893661,10,9.399999999999999
18.114649755738412,10,9.599999999999998
18.234783275706434,10,9.799999999999997
18.389692934767993,10,9.999999999999996
18.48834847109887,10,10.199999999999996
18.623016176071562,10,10.399999999999995
19.256047962482132,10,10.599999999999994
19.786954621906247,10,10.799999999999994
20.316406086273332,10,10.999999999999993
20.44234593755023,10,11.199999999999992
20.532942421034438,10,11.399999999999991
20.654561664123143,10,11.59999999999999
20.772047466951644,10,11.79999999999999
21.938165811476583,10,11.99999999999999
22.448093656549712,10,12.199999999999989
22.575665193285378,10,12.399999999999988
22.673163576678427,10,12.599999999999987
22.79388942807634,10,12.799999999999986
22.927463572427882,10,12.999999999999986
24.014911672043358,10,13.199999999999985
24.56075966487354,10,13.399999999999984
24.673998222107922,10,13.599999999999984
24.79132725020772,10,13.799999999999983
24.90346519908914,10,13.999999999999982
25.02592466683233,10,14.199999999999982
25.16531351682271,10,14.39999999999998
25.28565180045149,10,14.59999999999998
26.259399568832936,10,14.79999999999998
26.761988031477937,10,14.999999999999979
26.908096328029856,10,15.199999999999978
27.03278876946385,10,15.399999999999977
27.152346147958824,10,15.599999999999977
27.302481637060946,10,15.799999999999976
28.424141244542618,10,15.999999999999975
28.886481119031068,10,16.199999999999974
28.998142871980324,10,16.399999999999974
29.1252599167046,10,16.599999999999973
29.237653143890945,10,16.799999999999972
29.328171859717582,10,16.99999999999997
29.458536443452136,10,17.19999999999997
30.651637816618308,10,17.39999999999997
31.112844885146664,10,17.59999999999997
31.236510748776645,10,17.79999999999997
31.347519280808836,10,17.999999999999968
31.46188507008764,10,18.199999999999967
31.581456552933812,10,18.399999999999967
31.71477732474229,10,18.599999999999966
32.805043329047884,10,18.799999999999965
33.28569864007881,10,18.999999999999964
33.417207323521644,10,19.199999999999964
33.562415617689936,10,19.399999999999963
33.687277382026686,10,19.599999999999962
33.82713502475138,10,19.79999999999996
34.82178318104348,10,19.99999999999996
35.37848739497018,10,20.19999999999996
35.4787504348681,10,20.39999999999996
35.61298041805405,10,20.59999999999996
35.74143257589826,10,20.799999999999958
35.8784886898523,10,20.999999999999957
35.98538952002052,10,21.199999999999957
37.05692789453106,10,21.399999999999956
37.52198068662434,10,21.599999999999955
37.64653723928005,10,21.799999999999955
37.78586515609477,10,21.999999999999954
37.907282458073894,10,22.199999999999953
38.01164185339346,10,22.399999999999952
38.144180524176655,10,22.59999999999995
39.24207037851489,10,22.79999999999995
39.74779918065469,10,22.99999999999995
39.869347698994325,10,23.19999999999995
40.004203284055826,10,23.39999999999995
40.14238694056868,10,23.599999999999948
40.83836521338911,10,23.799999999999947
41.3607346788913,10,23.999999999999947
41.887641489908596,10,24.199999999999946
42.03092544421191,10,24.399999999999945
42.13113355671576,10,24.599999999999945
42.27043113642766,10,24.799999999999944
42.400055086838236,10,24.999999999999943
43.4836080486635,10,25.199999999999942
43.93249755805707,10,25.39999999999994
44.05657620787972,10,25.59999999999994
44.156756773681735,10,25.79999999999994
44.282912023643384,10,25.99999999999994
44.395190413353404,10,26.19999999999994
45.138367391392535,10,26.399999999999938
45.60942453002587,10,26.599999999999937
46.09099974633296,10,26.799999999999937
46.20990417335882,10,26.999999999999936
46.3185902205208,10,27.199999999999935
46.445755674306106,10,27.399999999999935
46.55001713176274,10,27.599999999999934
47.72192432281573,10,27.799999999999933
48.1679838049133,10,27.999999999999932
48.29383617198331,10,28.199999999999932
48.40160828964497,10,28.39999999999993
48.51810521174278,10,28.59999999999993
48.634486621626245,10,28.79999999999993
48.749429623202715,10,28.99999999999993
49.86111154469775,10,29.19999999999993
50.353648656775626,10,29.399999999999928
50.479491819997676,10,29.599999999999927
50.60252555159995,10,29.799999999999926
50.75749438906522,10,29.999999999999925
50.84079126159847,10,30.199999999999925
51.11528888118137,10,30.399999999999924
52.071980256707704,10,30.599999999999923
52.61123710031102,10,30.799999999999923
52.730845713250794,10,30.999999999999922
52.84056554279337,10,31.19999999999992
52.94206240172521,10,31.39999999999992
53.09810588397443,10,31.59999999999992
53.19470119304835,10,31.79999999999992
54.23795890118815,10,31.99999999999992
54.7272248709945,10,32.19999999999992
54.85299213148272,10,32.39999999999992
54.975277139670794,10,32.59999999999992
55.13487004560244,10,32.799999999999926
55.271658416529746,10,32.99999999999993
56.404345770339006,10,33.19999999999993
56.86708474968802,10,33.399999999999935
56.99438299429247,10,33.59999999999994
57.11246492951456,10,33.79999999999994
57.23154649374071,10,33.99999999999994
57.358529821372954,10,34.199999999999946
57.44752295357987,10,34.39999999999995
58.5714986307028,10,34.59999999999995
59.14664582273613,10,34.799999999999955
59.27391604652689,10,34.99999999999996
59.40295624287613,10,35.19999999999996
59.52450291740407,10,35.39999999999996
59.65078296542623,10,35.599999999999966
60.7088886866682,10,35.79999999999997
61.18901830600928,10,35.99999999999997
61.3071122036554,10,36.199999999999974
61.42358834353625,10,36.39999999999998
61.53060835443136,10,36.59999999999998
61.640257905676535,10,36.79999999999998
62.83586659796675,10,36.999999999999986
63.354442289148544,10,37.19999999999999
63.49056375791077,10,37.39999999999999
63.60863831676829,10,37.599999999999994
63.7342425330327,10,37.8
63.85408549443524,10,38.0
64.55397799494263,10,38.2
65.06867062853874,10,38.400000000000006
65.54597909965125,10,38.60000000000001
65.66236116754898,10,38.80000000000001
65.76824121792946,10,39.000000000000014
65.91231180970699,10,39.20000000000002
66.00798651130062,10,39.40000000000002
67.17513786803308,10,39.60000000000002
67.74997232723311,10,39.800000000000026
67.89070408812604,10,40.00000000000003
68.02998484988333,10,40.20000000000003
68.16837451562695,10,40.400000000000034
68.28505511631559,10,40.60000000000004
68.38923678956895,10,40.80000000000004
69.37317837603779,10,41.00000000000004
69.90325727231668,10,41.200000000000045
70.02790532835247,10,41.40000000000005
70.15484884039051,10,41.60000000000005
70.2860604666773,10,41.800000000000054
70.41579517572,10,42.00000000000006
70.65919024314782,10,42.20000000000006
71.59011960152547,10,42.40000000000006
72.03017720669749,10,42.600000000000065
72.16045646695848,10,42.80000000000007
72.2786081959433,10,43.00000000000007
72.38984994090642,10,43.200000000000074
72.51572074179491,10,43.40000000000008
73.21593762055679,10,43.60000000000008
73.72625326684776,10,43.80000000000008
74.21565180837504,10,44.000000000000085
74.36485086673736,10,44.20000000000009
74.47510585878902,10,44.40000000000009
74.59447042066053,10,44.600000000000094
74.72132541196794,10,44.8000000000001
75.86507710064163,10,45.0000000000001
76.38735213106844,10,45.2000000000001
76.50767069543406,10,45.400000000000105
76.63005627870746,10,45.60000000000011
76.76937446998677,10,45.80000000000011
76.89873433462704,10,46.000000000000114
77.01187906866046,10,46.20000000000012
78.00879668065225,10,46.40000000000012
78.49601458594181,10,46.60000000000012
78.61485206799436,10,46.800000000000125
78.74650172157789,10,47.00000000000013
78.86999782337266,10,47.20000000000013
78.97605231827492,10,47.400000000000134
80.06261378905596,10,47.600000000000136
80.5810161691575,10,47.80000000000014
80.71635640072981,10,48.00000000000014
80.83810087612663,10,48.200000000000145
80.96256052626208,10,48.40000000000015
81.06969478573005,10,48.60000000000015
81.17718588441959,10,48.80000000000015
82.2683912635256,10,49.000000000000156
82.7847612510609,10,49.20000000000016
82.9066931213964,10,49.40000000000016
83.0305852298083,10,49.600000000000165
83.1554113650627,10,49.80000000000017
83.2747982478003,10,50.00000000000017
83.95159624447231,10,50.20000000000017
84.47090178356551,10,50.400000000000176
84.95122741581616,10,50.60000000000018
85.05016022454178,10,50.80000000000018
85.19207801402435,10,51.000000000000185
85.31887728714423,10,51.20000000000019
85.41584337509315,10,51.40000000000019
86.57370128030912,10,51.60000000000019
87.09760156639258,10,51.800000000000196
87.2231967659098,10,52.0000000000002
87.35142747419712,10,52.2000000000002
87.474813822171,10,52.400000000000205
87.58117460318311,10,52.60000000000021
87.69776276704779,10,52.80000000000021
88.79629943792928,10,53.00000000000021
89.31695102735348,10,53.200000000000216
89.43773777339156,10,53.40000000000022
89.55384591312847,10,53.60000000000022
89.66629505512502,10,53.800000000000225
89.76224696268126,10,54.00000000000023
89.89251392009952,10,54.20000000000023
90.99507423140686,10,54.40000000000023
91.50758522686864,10,54.600000000000236
91.61230792890782,10,54.80000000000024
91.74129107928965,10,55.00000000000024
91.87771080125817,10,55.200000000000244
91.99355316640704,10,55.40000000000025
92.2581849029459,10,55.60000000000025
93.14417578380824,10,55.80000000000025
93.63194293522109,10,56.000000000000256
93.74785182573581,10,56.20000000000026
93.88311865658333,10,56.40000000000026
94.02703616153968,10,56.600000000000264
94.14963765633668,10,56.80000000000027
94.8807445142894,10,57.00000000000027
95.37766330443526,10,57.20000000000027
95.91716215967303,10,57.400000000000276
96.05258502154838,10,57.60000000000028
96.18589141011216,10,57.80000000000028
96.29252670768155,10,58.000000000000284
96.42453957918146,10,58.20000000000029
97.10129166744515,10,58.40000000000029
97.53526367839987,10,58.60000000000029
98.02543828619531,10,58.800000000000296
98.13961078743733,10,59.0000000000003
98.2721500247691,10,59.2000000000003
98.3975521305866,10,59.400000000000304
99.61706926242248,10,59.60000000000031
