1.5811336534435385,20,0,1
1.7238305335653354,20,0.2,3
1.8469862971643942,20,0.4,4
1.9980209687791184,20,0.6000000000000001,5
2.175348743395378,20,0.8,6
2.59164308967135,20,1.0,8
2.7472374352225075,20,1.2,9
2.8565021188586117,20,1.4,10
3.0328414578976286,20,1.5999999999999999,11
3.425659565398201,20,1.7999999999999998,12
4.072441351721788,20,1.9999999999999998,13
4.187693213265594,20,2.1999999999999997,16
4.365920817565617,20,2.4,17
4.789947578489048,20,2.6,18
4.963830844396079,20,2.8000000000000003,19
5.0806906033544985,20,3.0000000000000004,21
5.528744160838566,20,3.2000000000000006,22
6.206007647776405,20,3.400000000000001,23
6.344467103285138,20,3.600000000000001,24
6.484338013519084,20,3.800000000000001,25
6.968779057131166,20,4.000000000000001,28
7.069729285251343,20,4.200000000000001,29
7.153808913441449,20,4.400000000000001,30
8.123597994186174,20,4.600000000000001,31
8.242183416806155,20,4.800000000000002,32
8.654752864073101,20,5.000000000000002,34
8.842080479182927,20,5.200000000000002,35
9.00212050647645,20,5.400000000000002,36
9.154771641009221,20,5.600000000000002,37
10.083821449804796,20,5.8000000000000025,38
10.20363844239974,20,6.000000000000003,41
10.661242393110415,20,6.200000000000003,42
10.768031003047533,20,6.400000000000003,43
10.94861154469719,20,6.600000000000003,44
11.072132200935041,20,6.800000000000003,45
12.05523291465797,20,7.0000000000000036,47
12.190734907712114,20,7.200000000000004,48
12.577484943607951,20,7.400000000000004,49
12.753465883260786,20,7.600000000000004,50
12.874996229454982,20,7.800000000000004,51
13.026406994115177,20,8.000000000000004,54
13.942723743313303,20,8.200000000000003,55
14.085075797067239,20,8.400000000000002,56
14.544630906539833,20,8.600000000000001,57
14.707338341078263,20,8.8,58
14.844798370553779,20,9.0,60
15.006742687133169,20,9.2,61
15.911096479658331,20,9.399999999999999,62
16.106280574470738,20,9.599999999999998,63
16.234921257259263,20,9.799999999999997,64
16.67233241746476,20,9.999999999999996,65
16.82404448005087,20,10.199999999999996,68
16.974752640972067,20,10.399999999999995,69
17.08369109122446,20,10.599999999999994,70
17.525043326948765,20,10.799999999999994,71
18.14329688729389,20,10.999999999999993,72
18.30660253316209,20,11.199999999999992,74
18.408642882015528,20,11.399999999999991,75
18.865734364367853,20,11.59999999999999,76
18.99975585061139,20,11.79999999999999,77
19.13820808904358,20,11.99999999999999,78
20.07249679201705,20,12.199999999999989,81
20.224579435791636,20,12.399999999999988,82
20.628715493531967,20,12.599999999999987,83
20.806622886518205,20,12.799999999999986,84
20.94327216934066,20,12.999999999999986,85
21.402134478074903,20,13.199999999999985,87
22.007461160192953,20,13.399999999999984,88
22.150034436244717,20,13.599999999999984,89
22.28803324360297,20,13.799999999999983,90
22.769361943052857,20,13.999999999999982,91
22.914881987148394,20,14.199999999999982,94
23.033406069341936,20,14.39999999999998,95
23.714692759792158,20,14.59999999999998,96
24.143702935169177,20,14.79999999999998,97
24.287518620262084,20,14.999999999999979,98
24.683519150119764,20,15.199999999999978,100
24.819815166855058,20,15.399999999999977,101
24.94126810362409,20,15.599999999999977,102
25.88030313106324,20,15.799999999999976,103
26.016017234104968,20,15.999999999999975,104
26.125905056583,20,16.199999999999974,107
26.57017725588605,20,16.399999999999974,108
26.712782204512173,20,16.599999999999973,109
26.849949953920532,20,16.799999999999972,110
26.975227176187108,20,16.99999999999997,111
27.117898853150418,20,17.19999999999997,113
28.058575131352704,20,17.39999999999997,114
28.19428157332567,20,17.59999999999997,115
28.634681286052654,20,17.79999999999997,116
28.782079225290826,20,17.999999999999968,117
28.905806447681247,20,18.199999999999967,120
29.050642943693255,20,18.399999999999967,121
29.979382637892108,20,18.599999999999966,122
30.122131434340197,20,18.799999999999965,123
30.2625666968869,20,18.999999999999964,124
30.711508690941372,20,19.199999999999964,126
30.828522650873776,20,19.399999999999963,127
30.954139857172557,20,19.599999999999962,128
31.082932108375363,20,19.79999999999996,129
32.06128937008217,20,19.99999999999996,130
32.17094435257759,20,20.19999999999996,133
32.34092262811591,20,20.39999999999996,134
32.77499454091535,20,20.59999999999996,135
32.90256077540462,20,20.799999999999958,136
33.10821872772189,20,20.999999999999957,137
34.01238242179238,20,21.199999999999957,139
34.13442364617047,20,21.399999999999956,140
34.5715586045311,20,21.599999999999955,141
34.70323737593809,20,21.799999999999955,142
34.83378107862256,20,21.999999999999954,143
34.95688929670815,20,22.199999999999953,146
35.116817696848834,20,22.399999999999952,147
35.575588066875774,20,22.59999999999995,148
36.22204458216003,20,22.79999999999995,149
36.35639319027126,20,22.99999999999995,150
36.80124563480104,20,23.19999999999995,152
36.91703351301632,20,23.39999999999995,153
37.0459238031155,20,23.599999999999948,154
38.02101061737069,20,23.799999999999947,155
38.186003755073536,20,23.999999999999947,156
38.32790731416822,20,24.199999999999946,159
38.75146772849769,20,24.399999999999945,160
38.932821523977104,20,24.599999999999945,161
39.04191395320976,20,24.799999999999944,162
39.93495814744371,20,24.999999999999943,163
40.11506374621481,20,25.199999999999942,165
40.532782291361166,20,25.39999999999994,166
40.68274041853396,20,25.59999999999994,167
40.83500774673275,20,25.79999999999994,168
40.93326911998664,20,25.99999999999994,169
41.422267200312945,20,26.19999999999994,172
42.03517471413996,20,26.399999999999938,173
42.16515806250046,20,26.599999999999937,174
42.31858920624794,20,26.799999999999937,175
42.7074227177399,20,26.999999999999936,176
42.84989236462945,20,27.199999999999935,178
42.99902557580592,20,27.399999999999935,179
43.1116135625993,20,27.599999999999934,180
44.05403663800514,20,27.799999999999933,181
44.17978300600821,20,27.999999999999932,182
44.65269507440997,20,28.199999999999932,185
44.73957072264409,20,28.39999999999993,186
44.93656184434686,20,28.59999999999993,187
45.04619559990087,20,28.79999999999993,188
45.98683359244933,20,28.99999999999993,189
46.11273006933022,20,29.19999999999993,191
46.5097755132602,20,29.399999999999928,192
46.6635180387344,20,29.599999999999927,193
46.78666537195652,20,29.799999999999926,194
46.93011168838077,20,29.999999999999925,195
47.4001956448468,20,30.199999999999925,198
48.018645288824565,20,30.399999999999924,199
48.15295444852152,20,30.599999999999923,200
48.27973517153445,20,30.799999999999923,201
48.75079159210434,20,30.999999999999922,202
48.87055015202311,20,31.19999999999992,204
49.0252191642292,20,31.39999999999992,205
49.944523558345324,20,31.59999999999992,206
50.06819654468368,20,31.79999999999992,207
50.234672891114435,20,31.99999999999992,208
50.68883484213839,20,32.19999999999992,211
50.81472373244692,20,32.39999999999992,212
50.934311041979456,20,32.59999999999992,213
51.08953426403176,20,32.799999999999926,214
51.474011410813915,20,32.99999999999993,215
52.15076921718219,20,33.19999999999993,217
52.28916221864777,20,33.399999999999935,218
52.438254313759614,20,33.59999999999994,219
52.86364435628294,20,33.79999999999994,220
52.99870239107641,20,33.99999999999994,221
53.13477223412166,20,34.199999999999946,224
54.07171280672614,20,34.39999999999995,225
54.215421203075564,20,34.59999999999995,226
54.66943072260618,20,34.799999999999955,227
54.83559444407743,20,34.99999999999996,228
54.93459823503992,20,35.19999999999996,230
55.10461123053804,20,35.39999999999996,231
55.53936317504444,20,35.599999999999966,232
56.164900248546154,20,35.79999999999997,233
56.29642324193138,20,35.99999999999997,234
56.73007198535556,20,36.199999999999974,237
56.89885802350916,20,36.39999999999998,238
57.036369999600694,20,36.59999999999998,239
58.008501632102586,20,36.79999999999998,240
58.088165100122346,20,36.999999999999986,241
58.26178204245233,20,37.19999999999999,243
58.66714572481942,20,37.39999999999999,244
58.84135373841476,20,37.599999999999994,245
58.972466044276246,20,37.8,246
59.40953907824761,20,38.0,249
60.05969776759691,20,38.2,250
60.194218011651934,20,38.400000000000006,251
60.35341446432836,20,38.60000000000001,252
60.77672468336775,20,38.80000000000001,253
60.8956383766217,20,39.000000000000014,255
61.02672364819636,20,39.20000000000002,256
61.51997760570075,20,39.40000000000002,257
62.06935319363232,20,39.60000000000002,258
62.213642021532934,20,39.800000000000026,259
62.3692500805688,20,40.00000000000003,262
62.839252295450194,20,40.20000000000003,263
62.999919113719216,20,40.400000000000034,264
63.10839892850575,20,40.60000000000004,265
64.10209045518876,20,40.80000000000004,266
64.18935719284801,20,41.00000000000004,268
64.67897159503245,20,41.200000000000045,269
64.82620621771842,20,41.40000000000005,270
64.98664605790897,20,41.60000000000005,271
65.43549908725632,20,41.800000000000054,272
66.1133030435479,20,42.00000000000006,275
66.23568664122413,20,42.20000000000006,276
66.33206216925464,20,42.40000000000006,277
66.77648386035729,20,42.600000000000065,278
66.93145725384468,20,42.80000000000007,279
67.05096345831912,20,43.00000000000007,281
67.5042398011718,20,43.200000000000074,282
68.1185269635104,20,43.40000000000008,283
68.24506092605047,20,43.60000000000008,284
68.3797795804921,20,43.80000000000008,285
68.79043076180065,20,44.000000000000085,288
68.97500257111956,20,44.20000000000009,289
69.11676373480917,20,44.40000000000009,290
69.51740124285574,20,44.600000000000094,291
70.1596290940497,20,44.8000000000001,292
70.32061827235584,20,45.0000000000001,294
70.44287450180592,20,45.2000000000001,295
70.8706792744096,20,45.400000000000105,296
71.04169742437034,20,45.60000000000011,297
71.1340223723767,20,45.80000000000011,298
72.10333807680612,20,46.000000000000114,301
72.24329954172057,20,46.20000000000012,302
72.68652135578292,20,46.40000000000012,303
72.8200117054647,20,46.60000000000012,304
72.94211546323707,20,46.800000000000125,305
73.37482146745452,20,47.00000000000013,307
74.02612990792315,20,47.20000000000013,308
74.15572153272826,20,47.400000000000134,309
74.30336072931047,20,47.600000000000136,310
74.75601764273125,20,47.80000000000014,311
74.93655042649122,20,48.00000000000014,314
75.0350221042065,20,48.200000000000145,315
75.95355212800382,20,48.40000000000015,316
76.13765558557343,20,48.60000000000015,317
76.25969525930036,20,48.80000000000015,318
76.68533655408889,20,49.000000000000156,320
76.80194986405078,20,49.20000000000016,321
76.99926681817746,20,49.40000000000016,322
77.40307208385974,20,49.600000000000165,323
78.10751938765797,20,49.80000000000017,324
78.21788747730794,20,50.00000000000017,327
78.35319793663794,20,50.20000000000017,328
78.77737785357722,20,50.400000000000176,329
78.9203657424715,20,50.60000000000018,330
79.06369797413727,20,50.80000000000018,331
80.04605824933677,20,51.000000000000185,333
80.1675193309801,20,51.20000000000019,334
80.62531246216157,20,51.40000000000019,335
80.75293943692077,20,51.60000000000019,336
80.88525502029894,20,51.800000000000196,337
81.00939212425158,20,52.0000000000002,340
81.44686038112171,20,52.2000000000002,341
82.06446451244045,20,52.400000000000205,342
82.19900877642218,20,52.60000000000021,343
82.32752971083126,20,52.80000000000021,344
82.75062349742579,20,53.00000000000021,346
82.90101830814235,20,53.200000000000216,347
83.0873877039216,20,53.40000000000022,348
84.02095907176906,20,53.60000000000022,349
84.13396243371662,20,53.800000000000225,350
84.27766467010666,20,54.00000000000023,353
84.71869591411686,20,54.20000000000023,354
84.82868733196287,20,54.40000000000023,355
85.00127512498001,20,54.600000000000236,356
85.44656205515055,20,54.80000000000024,357
86.04272403622609,20,55.00000000000024,359
86.18868454030354,20,55.200000000000244,360
86.36201362186242,20,55.40000000000025,361
86.79224993150878,20,55.60000000000025,362
86.95149227061638,20,55.80000000000025,363
87.081462716596,20,56.000000000000256,366
87.97464561891661,20,56.20000000000026,367
88.10504056128765,20,56.40000000000026,368
88.55549472790024,20,56.600000000000264,369
88.69642428542387,20,56.80000000000027,370
88.8391492559184,20,57.00000000000027,372
88.95435501635399,20,57.20000000000027,373
89.92991490082846,20,57.400000000000276,374
90.12231566502268,20,57.60000000000028,375
90.24771771025031,20,57.80000000000028,376
90.66648115544743,20,58.000000000000284,379
90.79997916465027,20,58.20000000000029,380
90.92572316936308,20,58.40000000000029,381
91.05419073394175,20,58.60000000000029,382
92.01105571847563,20,58.800000000000296,383
92.15428283006916,20,59.0000000000003,385
92.56073500968104,20,59.2000000000003,386
92.73380805301169,20,59.400000000000304,387
92.87079957280343,20,59.60000000000031,388
93.04972317244554,20,59.80000000000031,389
93.46311708360851,20,60.00000000000031,392
94.07620488389752,20,60.200000000000315,393
94.21860645344657,20,60.40000000000032,394
94.32901622366913,20,60.60000000000032,395
94.80953140160278,20,60.800000000000324,396
94.95734728021762,20,61.00000000000033,398
95.07822126734989,20,61.20000000000033,399
96.02510598948975,20,61.40000000000033,400
96.17067972577003,20,61.600000000000335,401
96.59345504179917,20,61.80000000000034,402
96.79518497432441,20,62.00000000000034,405
96.90220245046395,20,62.200000000000344,406
97.06956874678966,20,62.40000000000035,407
97.52314723270021,20,62.60000000000035,408
98.14988884589997,20,62.80000000000035,409
98.30956292053163,20,63.000000000000355,411
98.47722893052551,20,63.20000000000036,412
98.84889295395598,20,63.40000000000036,413
99.04411178169325,20,63.600000000000364,414
99.18434497847966,20,63.80000000000037,415
100.14154682511266,20,64.00000000000037,418
100.24411535712564,20,64.20000000000037,419
100.7074685374722,20,64.40000000000038,420
100.88459505560071,20,64.60000000000038,421
101.00931544404524,20,64.80000000000038,422
101.4756921333363,20,65.00000000000038,424
102.12790144970349,20,65.20000000000039,425
102.25181728126374,20,65.40000000000039,426
102.39231758601098,20,65.60000000000039,427
102.85215549042061,20,65.8000000000004,428
102.98981982731868,20,66.0000000000004,431
103.11259246098429,20,66.2000000000004,432
104.07597442091429,20,66.4000000000004,433
104.2003069429942,20,66.6000000000004,434
104.66866839770245,20,66.80000000000041,435
104.81061564918261,20,67.00000000000041,437
104.97928093805447,20,67.20000000000041,438
105.40697138186492,20,67.40000000000042,439
106.04244676013852,20,67.60000000000042,440
106.2367469164463,20,67.80000000000042,441
106.36176726952291,20,68.00000000000043,444
106.77657503842575,20,68.20000000000043,445
106.90608121012963,20,68.40000000000043,446
107.04223438329457,20,68.60000000000043,447
107.96690678623801,20,68.80000000000044,448
108.08254906512528,20,69.00000000000044,450
108.56993018095054,20,69.20000000000044,451
108.72265968611433,20,69.40000000000045,452
108.84159284567137,20,69.60000000000045,453
109.0162670055717,20,69.80000000000045,454
109.41185374375823,20,70.00000000000045,457
110.04360581164555,20,70.20000000000046,458
110.18680178732254,20,70.40000000000046,459
110.3298882459907,20,70.60000000000046,460
110.7907403955631,20,70.80000000000047,461
110.92625756406903,20,71.00000000000047,463
111.07718854337553,20,71.20000000000047,464
111.50605944769532,20,71.40000000000047,465
112.159566240537,20,71.60000000000048,466
112.28503367959706,20,71.80000000000048,467
112.4687804592938,20,72.00000000000048,470
112.913134048865,20,72.20000000000049,471
113.0432454837451,20,72.40000000000049,472
113.1833088104502,20,72.60000000000049,473
114.11903670042534,20,72.8000000000005,474
114.26428846070384,20,73.0000000000005,476
114.6520940968952,20,73.2000000000005,477
114.81548850172288,20,73.4000000000005,478
114.96899919288563,20,73.6000000000005,479
115.91426131338852,20,73.80000000000051,480
116.02455733031228,20,74.00000000000051,483
116.16511424285719,20,74.20000000000051,484
116.61915721883821,20,74.40000000000052,485
116.75702599604769,20,74.60000000000052,486
116.89516341336045,20,74.80000000000052,487
117.04832889672869,20,75.00000000000053,489
117.96510773480223,20,75.20000000000053,490
118.11821549856427,20,75.40000000000053,491
118.27762541312886,20,75.60000000000053,492
118.71700745097816,20,75.80000000000054,493
118.84175832562235,20,76.00000000000054,496
118.98212368438422,20,76.20000000000054,497
119.10685935681876,20,76.40000000000055,498
119.49594402305476,20,76.60000000000055,499
120.16309674846715,20,76.80000000000055,500
120.27268282862292,20,77.00000000000055,502
120.46921701283065,20,77.20000000000056,503
120.91718348884653,20,77.40000000000056,504
121.04884042414679,20,77.60000000000056,505
121.13060749781498,20,77.80000000000057,506
122.12101721536953,20,78.00000000000057,509
122.24995520279931,20,78.20000000000057,510
122.66545379844416,20,78.40000000000057,511
122.85130197690955,20,78.60000000000058,512
122.97998246582493,20,78.80000000000058,513
123.39166227624224,20,79.00000000000058,515
124.05556738462903,20,79.20000000000059,516
124.19155269037991,20,79.40000000000059,517
124.33539758598815,20,79.60000000000059,518
124.77360245799939,20,79.8000000000006,519
124.86032602755546,20,80.0000000000006,522
125.03667498266266,20,80.2000000000006,523
125.976452113352,20,80.4000000000006,524
126.14661511699855,20,80.6000000000006,525
126.26920012769864,20,80.80000000000061,526
126.74062631655987,20,81.00000000000061,528
126.86340426210134,20,81.20000000000061,529
126.97903081059786,20,81.40000000000062,530
127.42854279726944,20,81.60000000000062,531
128.06568448970435,20,81.80000000000062,532
128.20548929633804,20,82.00000000000063,535
128.3148033762198,20,82.20000000000063,536
128.7797415752657,20,82.40000000000063,537
128.9122276876488,20,82.60000000000063,538
129.07621649919056,20,82.80000000000064,539
129.9780311804818,20,83.00000000000064,541
130.1339893354762,20,83.20000000000064,542
130.56322345427813,20,83.40000000000065,543
130.6982729974524,20,83.60000000000065,544
130.82094451942422,20,83.80000000000065,545
130.95632607808034,20,84.00000000000065,548
131.4431558535096,20,84.20000000000066,549
132.0946836146877,20,84.40000000000066,550
132.20002049006942,20,84.60000000000066,551
132.33432188580505,20,84.80000000000067,552
132.77161656885022,20,85.00000000000067,554
132.89855508609435,20,85.20000000000067,555
133.02774752383266,20,85.40000000000067,556
133.46552733909738,20,85.60000000000068,557
134.13031107246715,20,85.80000000000068,558
134.24152400965033,20,86.00000000000068,561
134.39072443205907,20,86.20000000000068,562
134.87651305469103,20,86.40000000000069,563
135.00277279153678,20,86.60000000000069,564
135.12787189929097,20,86.8000000000007,565
136.08428079279952,20,87.0000000000007,567
136.24903297393877,20,87.2000000000007,568
136.66937762981007,20,87.4000000000007,569
136.80562621507582,20,87.6000000000007,570
136.9380620827073,20,87.80000000000071,571
137.87640473841276,20,88.00000000000071,574
138.00986743347454,20,88.20000000000071,575
138.12895649835664,20,88.40000000000072,576
138.58686924976286,20,88.60000000000072,577
138.7187447571328,20,88.80000000000072,578
138.8308002236406,20,89.00000000000072,580
138.94779938016268,20,89.20000000000073,581
139.09755229901984,20,89.40000000000073,582
139.57344965698584,20,89.60000000000073,583
140.180132336715,20,89.80000000000074,584
140.3147629819585,20,90.00000000000074,587
140.46927588045116,20,90.20000000000074,588
140.91804314054852,20,90.40000000000074,589
141.06284529947285,20,90.60000000000075,590
141.25201473103974,20,90.80000000000075,591
142.22070926754157,20,91.00000000000075,593
142.3005295731745,20,91.20000000000076,594
142.77101371209062,20,91.40000000000076,595
142.88756596821528,20,91.60000000000076,596
143.0579201229784,20,91.80000000000076,597
143.47600500499823,20,92.00000000000077,600
144.14806999610897,20,92.20000000000077,601
144.2760907035162,20,92.40000000000077,602
144.39319288988233,20,92.60000000000078,603
144.83146758240832,20,92.80000000000078,604
144.9689364604843,20,93.00000000000078,606
145.13210979520065,20,93.20000000000078,607
146.064629876639,20,93.40000000000079,608
146.19268948852647,20,93.60000000000079,609
146.60901015302335,20,93.8000000000008,610
146.75552748516455,20,94.0000000000008,613
146.88345221112175,20,94.2000000000008,614
147.03337836251302,20,94.4000000000008,615
147.50873313083298,20,94.6000000000008,616
148.08045817591238,20,94.80000000000081,617
148.2404529435871,20,95.00000000000081,619
148.40222891425728,20,95.20000000000081,620
148.8432123674852,20,95.40000000000082,621
148.9590707913448,20,95.60000000000082,622
149.13401747456686,20,95.80000000000082,623
150.06234267439743,20,96.00000000000082,626
150.19137252347397,20,96.20000000000083,627
150.66321489890092,20,96.40000000000083,628
150.78133490891665,20,96.60000000000083,629
150.9458443606231,20,96.80000000000084,630
151.06167601561637,20,97.00000000000084,632
151.49290941543964,20,97.20000000000084,633
152.12644012155874,20,97.40000000000084,634
152.248439047795,20,97.60000000000085,635
152.38152320924314,20,97.80000000000085,636
152.84733247086572,20,98.00000000000085,639
152.98171822745738,20,98.20000000000086,640
153.09866142817194,20,98.40000000000086,641
154.07879305301697,20,98.60000000000086,642
154.1941519807997,20,98.80000000000086,643
154.3821984210431,20,99.00000000000087,645
154.81436736734295,20,99.20000000000087,646
154.9366225773308,20,99.40000000000087,647
155.08095212074156,20,99.60000000000088,648
155.4471342168907,20,99.80000000000088,649
156.14920864282607,20,100.00000000000088,652
156.2852539991335,20,100.20000000000088,653
156.445519173492,20,100.40000000000089,654
156.89915516579865,20,100.60000000000089,655
157.02408644671385,20,100.80000000000089,656
157.20703855528154,20,101.0000000000009,658
158.15139805940237,20,101.2000000000009,659
158.27622704459196,20,101.4000000000009,660
158.70776035005366,20,101.6000000000009,661
158.85907474988707,20,101.8000000000009,662
159.0085178884851,20,102.00000000000091,665
159.1666921995064,20,102.20000000000091,666
159.61052972216308,20,102.40000000000092,667
160.23494166844645,20,102.60000000000092,668
160.41772741874595,20,102.80000000000092,669
160.82924894227745,20,103.00000000000092,671
160.96882119822175,20,103.20000000000093,672
161.18599479904964,20,103.40000000000093,673
162.07620556582748,20,103.60000000000093,674
162.2118245691529,20,103.80000000000094,675
162.61965604504545,20,104.00000000000094,678
162.7418035938477,20,104.20000000000094,679
162.8428470276191,20,104.40000000000094,680
163.00131965877134,20,104.60000000000095,681
163.4414554580828,20,104.80000000000095,682
164.10114065243116,20,105.00000000000095,684
164.22839120678069,20,105.20000000000095,685
164.38651517782677,20,105.40000000000096,686
164.79211682462807,20,105.60000000000096,687
164.943422943659,20,105.80000000000096,688
165.07010866407836,20,106.00000000000097,691
166.0460371779434,20,106.20000000000097,692
166.15313828947902,20,106.40000000000097,693
166.29728146943916,20,106.60000000000097,694
166.75503239005965,20,106.80000000000098,695
166.8766958109815,20,107.00000000000098,697
167.0080522947462,20,107.20000000000098,698
167.47424990626283,20,107.40000000000099,699
168.14545959524293,20,107.60000000000099,700
168.29868567527953,20,107.80000000000099,701
168.43518621463272,20,108.000000000001,704
168.8934672317738,20,108.200000000001,705
169.01119426999753,20,108.400000000001,706
169.13928751156126,20,108.600000000001,707
170.08373072478966,20,108.800000000001,708
170.2336729068674,20,109.00000000000101,710
170.65782728147667,20,109.20000000000101,711
170.75175707657183,20,109.40000000000101,712
170.90471321537885,20,109.60000000000102,713
171.04368181082506,20,109.80000000000102,714
172.01718041944363,20,110.00000000000102,717
172.1185019456055,20,110.20000000000103,718
172.26447128280878,20,110.40000000000103,719
172.70766803870742,20,110.60000000000103,720
172.85487765918603,20,110.80000000000103,721
173.028839225097,20,111.00000000000104,723
173.16592323949735,20,111.20000000000104,724
174.09292407774808,20,111.40000000000104,725
174.23879232530308,20,111.60000000000105,726
174.6878779990124,20,111.80000000000105,727
174.83419943036236,20,112.00000000000105,730
174.9873903027004,20,112.20000000000105,731
175.64423382329315,20,112.40000000000106,732
176.12045438596556,20,112.60000000000106,733
176.2524586812933,20,112.80000000000106,734
176.35896175041103,20,113.00000000000107,736
176.77580353935625,20,113.20000000000107,737
176.9336126486733,20,113.40000000000107,738
177.11681363911103,20,113.60000000000107,739
177.52649945806328,20,113.80000000000108,740
178.15263184589202,20,114.00000000000108,743
178.27500697884844,20,114.20000000000108,744
178.3952677282548,20,114.40000000000109,745
178.86181263406445,20,114.60000000000109,746
179.0204595351224,20,114.80000000000109,747
179.15536192788352,20,115.0000000000011,749
180.12646031248727,20,115.2000000000011,750
180.25501380791653,20,115.4000000000011,751
180.68166036081786,20,115.6000000000011,752
180.82565363655175,20,115.8000000000011,753
180.99821125181907,20,116.00000000000111,756
181.12509297755884,20,116.20000000000111,757
181.5386926457125,20,116.40000000000111,758
182.1905754696343,20,116.60000000000112,759
182.31481577657803,20,116.80000000000112,760
182.74849848227055,20,117.00000000000112,762
182.8853184720705,20,117.20000000000113,763
183.00506138086584,20,117.40000000000113,764
183.95062954934335,20,117.60000000000113,765
184.0892629535779,20,117.80000000000113,766
184.20772349955445,20,118.00000000000114,769
184.65990463844017,20,118.20000000000114,770
184.78584404455341,20,118.40000000000114,771
184.95902575871662,20,118.60000000000115,772
185.10212921771426,20,118.80000000000115,773
186.03792330458083,20,119.00000000000115,775
186.1735053366993,20,119.20000000000115,776
186.30167906729594,20,119.40000000000116,777
186.74004165598618,20,119.60000000000116,778
186.8554339550983,20,119.80000000000116,779
186.9797884393921,20,120.00000000000117,782
187.4218074666592,20,120.20000000000117,783
188.06595768168805,20,120.40000000000117,784
188.23153108893,20,120.60000000000117,785
188.3313591875693,20,120.80000000000118,786
188.81713452447966,20,121.00000000000118,788
188.92973164560453,20,121.20000000000118,789
189.0870480539013,20,121.40000000000119,790
189.58000127364647,20,121.60000000000119,791
190.20816372964316,20,121.80000000000119,792
190.31627337156675,20,122.0000000000012,795
190.76031969435456,20,122.2000000000012,796
190.90359936262726,20,122.4000000000012,797
191.0421675327541,20,122.6000000000012,798
192.02132222372796,20,122.8000000000012,799
192.1437970957424,20,123.00000000000121,801
192.53937287902477,20,123.20000000000121,802
192.67432357165237,20,123.40000000000121,803
192.83035214813347,20,123.60000000000122,804
192.9715966321756,20,123.80000000000122,805
193.37227189676415,20,124.00000000000122,808
194.09326552090616,20,124.20000000000122,809
194.2369012544368,20,124.40000000000123,810
194.36495869381545,20,124.60000000000123,811
194.8150709152707,20,124.80000000000123,812
194.93638211955783,20,125.00000000000124,814
195.0579057301242,20,125.20000000000124,815
195.94201364086084,20,125.40000000000124,816
196.10986619699997,20,125.60000000000124,817
196.52130274505942,20,125.80000000000125,818
196.63598783661453,20,126.00000000000125,821
196.81151834531207,20,126.20000000000125,822
196.95228069511987,20,126.40000000000126,823
197.08250384173556,20,126.60000000000126,824
197.9987879725373,20,126.80000000000126,825
198.1493621664309,20,127.00000000000126,827
198.30072227210744,20,127.20000000000127,828
198.71807863258508,20,127.40000000000127,829
198.90276419474077,20,127.60000000000127,830
199.01528052313677,20,127.80000000000128,831
199.67500809519962,20,128.00000000000128,834
200.11332221907836,20,128.20000000000127,835
200.56940284144392,20,128.40000000000126,836
200.68292643168897,20,128.60000000000124,837
200.8280678112386,20,128.80000000000123,838
201.0079723905736,20,129.00000000000122,840
201.44779032992872,20,129.2000000000012,841
202.09134421008378,20,129.4000000000012,842
202.1970872866449,20,129.6000000000012,843
202.35464638503456,20,129.80000000000118,844
202.7481014676281,20,130.00000000000117,847
202.88291832214847,20,130.20000000000115,848
203.00093421215158,20,130.40000000000114,849
203.92729749572518,20,130.60000000000113,850
204.0981268728485,20,130.80000000000112,851
204.19923776919978,20,131.0000000000011,853
204.62729070727963,20,131.2000000000011,854
204.80956849886803,20,131.40000000000109,855
204.93685246754316,20,131.60000000000107,856
205.12442304432898,20,131.80000000000106,857
205.54205061319308,20,132.00000000000105,860
206.21000180595794,20,132.20000000000104,861
206.37436704235932,20,132.40000000000103,862
206.51655042601078,20,132.60000000000102,863
206.94889847716982,20,132.800000000001,864
207.05392607287385,20,133.000000000001,866
207.18597990523583,20,133.20000000000098,867
208.14967476933808,20,133.40000000000097,868
208.32573438890887,20,133.60000000000096,869
208.73689766749717,20,133.80000000000095,870
208.8776332130278,20,134.00000000000094,873
209.0360839077455,20,134.20000000000093,874
209.98742072261535,20,134.40000000000092,875
210.11487889951277,20,134.6000000000009,876
210.2531564742581,20,134.8000000000009,877
210.66054874038912,20,135.00000000000088,879
210.81048071675812,20,135.20000000000087,880
210.95197577962693,20,135.40000000000086,881
211.1137446332434,20,135.60000000000085,882
212.05115714147848,20,135.80000000000084,883
212.17963015646183,20,136.00000000000082,886
212.33706609110104,20,136.2000000000008,887
212.7927330504072,20,136.4000000000008,888
212.92603840273284,20,136.6000000000008,889
213.09036069981073,20,136.80000000000078,890
214.0682847298877,20,137.00000000000077,892
214.20472711181984,20,137.20000000000076,893
214.33821963000466,20,137.40000000000074,894
214.77548896080916,20,137.60000000000073,895
214.93026979777963,20,137.80000000000072,896
215.04813252418472,20,138.0000000000007,899
215.97914236102707,20,138.2000000000007,900
216.11596410174982,20,138.4000000000007,901
216.3426948606855,20,138.60000000000068,902
216.7637055574407,20,138.80000000000067,903
216.87110532754522,20,139.00000000000065,905
217.02699126466638,20,139.20000000000064,906
217.1763299881997,20,139.40000000000063,907
218.1152306729513,20,139.60000000000062,908
218.26851452621642,20,139.8000000000006,909
218.73576647021903,20,140.0000000000006,912
218.83284789534363,20,140.20000000000059,913
218.99858892391143,20,140.40000000000057,914
219.95623289584248,20,140.60000000000056,915
220.10630023733188,20,140.80000000000055,916
220.23933845156836,20,141.00000000000054,918
220.67099104355958,20,141.20000000000053,919
220.827625950221,20,141.40000000000052,920
220.94619150480818,20,141.6000000000005,921
221.38151601037558,20,141.8000000000005,922
221.9579768528737,20,142.00000000000048,925
222.10547508700458,20,142.20000000000047,926
222.31910539093315,20,142.40000000000046,927
222.67782579389487,20,142.60000000000045,928
222.83098606330213,20,142.80000000000044,929
222.97596007702435,20,143.00000000000043,931
223.62045295535123,20,143.20000000000041,932
224.02190159369295,20,143.4000000000004,933
224.17902516142377,20,143.6000000000004,934
224.33577441249392,20,143.80000000000038,935
224.73923463232362,20,144.00000000000037,938
224.8618483826928,20,144.20000000000036,939
225.0137689580083,20,144.40000000000035,940
225.4355178507404,20,144.60000000000034,941
226.12805277272645,20,144.80000000000032,942
226.23431970405898,20,145.0000000000003,944
226.34312536713557,20,145.2000000000003,945
226.78960064249654,20,145.4000000000003,946
226.91756728001502,20,145.60000000000028,947
227.086162191562,20,145.80000000000027,948
227.51795442412103,20,146.00000000000026,951
228.1299504448418,20,146.20000000000024,952
228.28239905811287,20,146.40000000000023,953
228.42218100793028,20,146.60000000000022,954
228.8664182846434,20,146.8000000000002,955
228.9977369305548,20,147.0000000000002,957
229.1410141927087,20,147.2000000000002,958
230.09663472288375,20,147.40000000000018,959
230.22944385559342,20,147.60000000000016,960
230.62011542091133,20,147.80000000000015,961
230.81087922706575,20,148.00000000000014,964
230.94871812480864,20,148.20000000000013,965
231.0994775692758,20,148.40000000000012,966
232.01095538764503,20,148.6000000000001,967
232.1238628216242,20,148.8000000000001,968
232.29022114105635,20,149.00000000000009,970
232.76208807740815,20,149.20000000000007,971
232.89266707757625,20,149.40000000000006,972
233.0295649233953,20,149.60000000000005,973
233.4649304151201,20,149.80000000000004,974
234.07488818729448,20,150.00000000000003,977
234.21945914160045,20,150.20000000000002,978
234.3724726848693,20,150.4,979
234.85472374955023,20,150.6,980
234.97436525809195,20,150.79999999999998,981
235.10889650909346,20,150.99999999999997,982
235.54513281034986,20,151.19999999999996,984
236.17217339694912,20,151.39999999999995,985
236.34963878685969,20,151.59999999999994,986
236.76138004430243,20,151.79999999999993,987
236.93796271272933,20,151.99999999999991,988
237.0557953956079,20,152.1999999999999,991
237.50781892292267,20,152.3999999999999,992
238.14617755527956,20,152.59999999999988,993
238.28361491279904,20,152.79999999999987,994
238.45940678683144,20,152.99999999999986,995
238.89457314582066,20,153.19999999999985,997
239.06562791041333,20,153.39999999999984,998
239.18129585211074,20,153.59999999999982,999
240.0937115797159,20,153.7999999999998,1000
240.21611520084895,20,153.9999999999998,1001
240.65852948414656,20,154.1999999999998,1004
240.8324360959506,20,154.39999999999978,1005
240.94221087286002,20,154.59999999999977,1006
241.06740174247176,20,154.79999999999976,1007
241.47408143609292,20,154.99999999999974,1008
242.1272628265152,20,155.19999999999973,1010
242.26549383517127,20,155.39999999999972,1011
242.402217758452,20,155.5999999999997,1012
242.82528953722104,20,155.7999999999997,1013
242.99253838727176,20,155.9999999999997,1014
243.13291710796273,20,156.19999999999968,1017
244.08579760191003,20,156.39999999999966,1018
244.23030458592137,20,156.59999999999965,1019
244.35064233431504,20,156.79999999999964,1020
244.77173784155644,20,156.99999999999963,1021
244.91211874180473,20,157.19999999999962,1023
245.04245846301572,20,157.3999999999996,1024
245.9888972410586,20,157.5999999999996,1025
246.0878296825502,20,157.79999999999959,1026
246.5643312882926,20,157.99999999999957,1027
246.70331085560852,20,158.19999999999956,1030
246.841862548891,20,158.39999999999955,1031
247.00312622432085,20,158.59999999999954,1032
247.1612531732553,20,158.79999999999953,1033
248.112412496982,20,158.99999999999952,1034
248.22451479343133,20,159.1999999999995,1036
248.6584526285869,20,159.3999999999995,1037
248.81526915931872,20,159.59999999999948,1038
248.9789987582324,20,159.79999999999947,1039
249.40573741889176,20,159.99999999999946,1040
250.12880435669672,20,160.19999999999945,1043
250.26299922961437,20,160.39999999999944,1044
250.37093771360975,20,160.59999999999943,1045
250.8261112701444,20,160.79999999999941,1046
250.98473452251127,20,160.9999999999994,1047
251.11642690286038,20,161.1999999999994,1049
252.072400897078,20,161.39999999999938,1050
252.2260706160768,20,161.59999999999937,1051
252.6655476426603,20,161.79999999999936,1052
252.80850751668848,20,161.99999999999935,1053
252.93222196667864,20,162.19999999999933,1056
253.35006296914227,20,162.39999999999932,1057
253.97164437768038,20,162.5999999999993,1058
254.1037130094718,20,162.7999999999993,1059
254.25848917665647,20,162.9999999999993,1060
254.71131685026504,20,163.19999999999928,1062
254.85060583297587,20,163.39999999999927,1063
254.9404366155092,20,163.59999999999926,1064
255.07425490009885,20,163.79999999999924,1065
255.58586408711548,20,163.99999999999923,1066
256.212887190954,20,164.19999999999922,1069
256.3559398479891,20,164.3999999999992,1070
256.482319100921,20,164.5999999999992,1071
256.914617456739,20,164.7999999999992,1072
257.0483416385699,20,164.99999999999918,1073
257.1669088370226,20,165.19999999999916,1075
258.1634493504012,20,165.39999999999915,1076
258.29257501807035,20,165.59999999999914,1077
258.68468732309924,20,165.79999999999913,1078
258.8291266972437,20,165.99999999999912,1079
258.9559399397217,20,166.1999999999991,1082
259.0921172276358,20,166.3999999999991,1083
260.03370347656477,20,166.59999999999908,1084
260.1696841154119,20,166.79999999999907,1085
260.6239502836215,20,166.99999999999906,1086
260.77420966319676,20,167.19999999999905,1088
260.8800753748644,20,167.39999999999904,1089
261.04344796928336,20,167.59999999999903,1090
261.9675565654651,20,167.79999999999902,1091
262.1176745163739,20,167.999999999999,1092
262.23702196413973,20,168.199999999999,1095
262.63890648222554,20,168.39999999999898,1096
262.76029693565374,20,168.59999999999897,1097
262.93431936169793,20,168.79999999999896,1098
263.05756661487527,20,168.99999999999895,1099
263.9981470666855,20,169.19999999999894,1101
264.1315736208681,20,169.39999999999893,1102
264.55271601772336,20,169.59999999999891,1103
264.677572606088,20,169.7999999999989,1104
264.8038223265179,20,169.9999999999989,1105
264.97052736890083,20,170.19999999999888,1108
265.41149422444045,20,170.39999999999887,1109
266.0402146464187,20,170.59999999999886,1110
266.19783566605645,20,170.79999999999885,1111
266.34158815560363,20,170.99999999999883,1112
266.7697696538869,20,171.19999999999882,1114
266.92592757644877,20,171.3999999999988,1115
267.0384060689793,20,171.5999999999988,1116
267.4602581285965,20,171.7999999999988,1117
268.11788781463486,20,171.99999999999878,1118
268.2544416510728,20,172.19999999999877,1121
268.3575644505987,20,172.39999999999876,1122
268.81426555825817,20,172.59999999999874,1123
268.9889170592571,20,172.79999999999873,1124
269.12309570713916,20,172.99999999999872,1125
270.0691038176435,20,173.1999999999987,1127
270.2017033767234,20,173.3999999999987,1128
270.60317564197055,20,173.5999999999987,1129
270.85861294684383,20,173.79999999999868,1130
270.9901514387087,20,173.99999999999866,1131
271.08588958971853,20,174.19999999999865,1134
272.04071525934546,20,174.39999999999864,1135
272.14778781361457,20,174.59999999999863,1136
272.5889807904633,20,174.79999999999862,1137
272.743266809719,20,174.9999999999986,1138
272.89902098057564,20,175.1999999999986,1140
272.9932574816361,20,175.39999999999858,1141
273.4472356094228,20,175.59999999999857,1142
274.0799007961851,20,175.79999999999856,1143
274.2563512686728,20,175.99999999999855,1144
274.37643993167296,20,176.19999999999854,1147
274.8405516563643,20,176.39999999999853,1148
274.9512216840376,20,176.59999999999852,1149
275.11683127311414,20,176.7999999999985,1150
276.07676042338977,20,176.9999999999985,1151
276.1887528749654,20,177.19999999999848,1153
276.61959807491496,20,177.39999999999847,1154
276.7913839019806,20,177.59999999999846,1155
276.9469820645679,20,177.79999999999845,1156
277.06376510778273,20,177.99999999999844,1157
277.4743419092725,20,178.19999999999843,1160
278.1282939513823,20,178.3999999999984,1161
278.2552704265736,20,178.5999999999984,1162
278.40353483086164,20,178.7999999999984,1163
278.80062255202495,20,178.99999999999838,1164
278.95900509957625,20,179.19999999999837,1166
279.141703464829,20,179.39999999999836,1167
280.05554488246383,20,179.59999999999835,1168
280.2285192008277,20,179.79999999999833,1169
280.6245359796459,20,179.99999999999832,1170
280.7723197851312,20,180.1999999999983,1173
280.9174366230985,20,180.3999999999983,1174
281.06340839078035,20,180.5999999999983,1175
281.97921887147277,20,180.79999999999828,1176
282.1199938661332,20,180.99999999999827,1177
282.58140925174587,20,181.19999999999825,1179
282.7023132992155,20,181.39999999999824,1180
282.84579598964723,20,181.59999999999823,1181
282.9868377434346,20,181.79999999999822,1182
283.39870643533476,20,181.9999999999982,1183
284.09482418778725,20,182.1999999999982,1186
284.2189280239174,20,182.3999999999982,1187
284.3254671110627,20,182.59999999999818,1188
284.77686895675924,20,182.79999999999816,1189
284.9602738376951,20,182.99999999999815,1190
285.0764696482192,20,183.19999999999814,1192
285.51072463648177,20,183.39999999999813,1193
286.1738663646798,20,183.59999999999812,1194
286.3042554142722,20,183.7999999999981,1195
286.4622674898517,20,183.9999999999981,1196
286.84644367190134,20,184.19999999999808,1199
287.01133786930365,20,184.39999999999807,1200
287.16479387610235,20,184.59999999999806,1201
288.13120066712474,20,184.79999999999805,1202
288.25335271175373,20,184.99999999999804,1203
288.6876944142956,20,185.19999999999803,1205
288.83226875166474,20,185.39999999999802,1206
288.9546784266929,20,185.599999999998,1207
289.0548751871009,20,185.799999999998,1208
289.5544982064345,20,185.99999999999798,1209
290.19945912530903,20,186.19999999999797,1212
290.3099847270311,20,186.39999999999796,1213
290.44755165712394,20,186.59999999999795,1214
290.90851097657173,20,186.79999999999794,1215
291.0064018887757,20,186.99999999999793,1216
291.1778740954641,20,187.1999999999979,1218
292.07202338901413,20,187.3999999999979,1219
292.21102550266977,20,187.5999999999979,1220
292.64048019577257,20,187.79999999999788,1221
292.8055276418878,20,187.99999999999787,1222
292.955691397056,20,188.19999999999786,1225
293.0670124969845,20,188.39999999999785,1226
294.0014005333731,20,188.59999999999783,1227
294.1398705385116,20,188.79999999999782,1228
294.27489290127176,20,188.9999999999978,1229
294.67215227497906,20,189.1999999999978,1231
294.85238095920977,20,189.3999999999978,1232
294.9587425419533,20,189.59999999999778,1233
295.40768927244585,20,189.79999999999777,1234
296.0112338472123,20,189.99999999999775,1235
296.1295085564218,20,190.19999999999774,1238
296.2913862715616,20,190.39999999999773,1239
296.7701089959373,20,190.59999999999772,1240
296.9317872022088,20,190.7999999999977,1241
297.0556689446623,20,190.9999999999977,1242
297.9745037383599,20,191.1999999999977,1244
298.107391942412,20,191.39999999999768,1245
298.6194961992274,20,191.59999999999766,1246
298.7525330719713,20,191.79999999999765,1247
298.89390073932157,20,191.99999999999764,1248
299.0510823015848,20,192.19999999999763,1251
299.9766861761787,20,192.39999999999762,1252
300.12771177822543,20,192.5999999999976,1253
300.5345324391901,20,192.7999999999976,1254
300.65783969032503,20,192.99999999999758,1255
300.7741671616014,20,193.19999999999757,1257
300.92173810789905,20,193.39999999999756,1258
301.07382326773865,20,193.59999999999755,1259
302.0331217759358,20,193.79999999999754,1260
302.1900451208778,20,193.99999999999753,1261
302.6194346597221,20,194.19999999999752,1264
302.7690055654096,20,194.3999999999975,1265
302.9011651575911,20,194.5999999999975,1266
303.0458611233536,20,194.79999999999748,1267
303.9413102199177,20,194.99999999999747,1268
304.1213750145145,20,195.19999999999746,1270
304.2465958463167,20,195.39999999999745,1271
304.68366539584594,20,195.59999999999744,1272
304.79337438176316,20,195.79999999999742,1273
304.93267022587924,20,195.9999999999974,1274
305.6141786835454,20,196.1999999999974,1277
306.0562314392507,20,196.3999999999974,1278
306.17884570481084,20,196.59999999999738,1279
306.64592141962754,20,196.79999999999737,1280
306.75520087917255,20,196.99999999999736,1281
306.9160796505138,20,197.19999999999735,1283
307.0387259955038,20,197.39999999999733,1284
307.4714163903195,20,197.59999999999732,1285
308.04896880943295,20,197.7999999999973,1286
308.1697306876068,20,197.9999999999973,1287
308.3216974675068,20,198.1999999999973,1290
308.76661358190535,20,198.39999999999728,1291
308.90561555506764,20,198.59999999999727,1292
309.0550223730679,20,198.79999999999725,1293
309.50964787782937,20,198.99999999999724,1294
310.15324510956094,20,199.19999999999723,1296
310.2975204892011,20,199.39999999999722,1297
310.44619196669254,20,199.5999999999972,1298
310.88513159259657,20,199.7999999999972,1299
311.0086677798201,20,199.9999999999972,1300
311.1855637200963,20,200.19999999999717,1303
312.12141510571746,20,200.39999999999716,1304
312.2233595215542,20,200.59999999999715,1305
312.70481878020735,20,200.79999999999714,1306
312.83977925575664,20,200.99999999999713,1307
312.9984661077271,20,201.19999999999712,1309
313.42668364182384,20,201.3999999999971,1310
314.0533231055234,20,201.5999999999971,1311
314.1819648244434,20,201.79999999999708,1312
314.34713449746636,20,201.99999999999707,1313
314.7786598053578,20,202.19999999999706,1316
314.91145941277387,20,202.39999999999705,1317
315.06792228199873,20,202.59999999999704,1318
316.0859853440694,20,202.79999999999703,1319
316.18571639969036,20,202.99999999999702,1320
316.65348208511745,20,203.199999999997,1322
316.7831028270605,20,203.399999999997,1323
316.93792990624803,20,203.59999999999698,1324
317.037757615655,20,203.79999999999697,1325
318.02005766160374,20,203.99999999999696,1326
318.16727999293863,20,204.19999999999695,1329
318.2863365972644,20,204.39999999999694,1330
318.74825418351594,20,204.59999999999692,1331
318.86637904122404,20,204.7999999999969,1332
318.99858897011137,20,204.9999999999969,1333
319.4551030036303,20,205.1999999999969,1335
320.11542194776933,20,205.39999999999688,1336
320.2404956624582,20,205.59999999999687,1337
320.33347390861695,20,205.79999999999686,1338
320.7541304148839,20,205.99999999999685,1339
320.9203250304313,20,206.19999999999683,1342
321.04091144336996,20,206.39999999999682,1343
322.0017605413716,20,206.5999999999968,1344
322.1596918471708,20,206.7999999999968,1345
322.5573297085684,20,206.9999999999968,1346
322.7305014749166,20,207.19999999999678,1348
322.85030896137033,20,207.39999999999677,1349
323.0176299902236,20,207.59999999999675,1350
323.9917771218316,20,207.79999999999674,1351
324.11451490053224,20,207.99999999999673,1352
324.28983150666585,20,208.19999999999672,1355
324.69553929445624,20,208.3999999999967,1356
324.83141546967255,20,208.5999999999967,1357
325.00278907662016,20,208.7999999999967,1358
325.41058317665465,20,208.99999999999667,1359
326.0371519625413,20,209.19999999999666,1361
326.18427491924115,20,209.39999999999665,1362
326.30566682619605,20,209.59999999999664,1363
326.75781624623295,20,209.79999999999663,1364
326.9002308701347,20,209.99999999999662,1365
327.08730606911416,20,210.1999999999966,1368
328.0045922573003,20,210.3999999999966,1369
328.19433953145835,20,210.59999999999658,1370
328.60246752073607,20,210.79999999999657,1371
328.74121123073104,20,210.99999999999656,1372
328.8481162220365,20,211.19999999999655,1374
328.97899345816217,20,211.39999999999654,1375
329.1177246385969,20,211.59999999999653,1376
329.5949440897764,20,211.79999999999652,1377
330.25435434838624,20,211.9999999999965,1378
330.3868896111955,20,212.1999999999965,1381
330.8458575809275,20,212.39999999999648,1382
331.004659230753,20,212.59999999999647,1383
331.154225950898,20,212.79999999999646,1384
331.5680435008553,20,212.99999999999645,1385
332.2236918984683,20,213.19999999999644,1387
332.3856549641491,20,213.39999999999642,1388
332.8524115892824,20,213.5999999999964,1389
333.0118214092386,20,213.7999999999964,1390
333.1505679423874,20,213.9999999999964,1391
334.048364275381,20,214.19999999999638,1394
334.20201128189836,20,214.39999999999637,1395
334.64470368041555,20,214.59999999999636,1396
334.7441309787292,20,214.79999999999634,1397
334.8771868820245,20,214.99999999999633,1398
335.0581266001536,20,215.19999999999632,1400
336.09201301312913,20,215.3999999999963,1401
336.23034313367714,20,215.5999999999963,1402
336.6256765755617,20,215.7999999999963,1403
336.79201199312854,20,215.99999999999628,1404
336.9221294255468,20,216.19999999999627,1407
337.0586938546643,20,216.39999999999625,1408
337.9535548744215,20,216.59999999999624,1409
338.12592090015676,20,216.79999999999623,1410
338.24428775740796,20,216.99999999999622,1411
338.66960456615544,20,217.1999999999962,1413
338.8186212718012,20,217.3999999999962,1414
338.9641782009273,20,217.5999999999962,1415
339.3860932040789,20,217.79999999999617,1416
340.00602313002855,20,217.99999999999616,1417
340.1220535550227,20,218.19999999999615,1420
340.2751814105512,20,218.39999999999614,1421
340.7206113922009,20,218.59999999999613,1422
340.87663708909713,20,218.79999999999612,1423
340.98633728482974,20,218.9999999999961,1424
341.94976675177276,20,219.1999999999961,1426
342.0909395206643,20,219.39999999999608,1427
342.24431421564856,20,219.59999999999607,1428
342.7318041184405,20,219.79999999999606,1429
342.8743166458334,20,219.99999999999605,1430
343.0116271308952,20,220.19999999999604,1433
343.4445270673582,20,220.39999999999603,1434
344.0689876635869,20,220.59999999999602,1435
344.1762861056271,20,220.799999999996,1436
344.30826324420656,20,220.999999999996,1437
344.7546961494621,20,221.19999999999598,1439
344.9167437160371,20,221.39999999999597,1440
345.0687346829211,20,221.59999999999596,1441
345.53853199221356,20,221.79999999999595,1442
346.1122650035197,20,221.99999999999594,1443
346.2656978694245,20,222.19999999999592,1446
346.4031436410353,20,222.3999999999959,1447
346.88987579532176,20,222.5999999999959,1448
347.0138415982284,20,222.7999999999959,1449
347.1464311209513,20,222.99999999999588,1450
348.12110297971446,20,223.19999999999587,1452
348.26955899544276,20,223.39999999999586,1453
348.6701126890268,20,223.59999999999584,1454
348.8332048471854,20,223.79999999999583,1455
348.94868899471453,20,223.99999999999582,1456
349.0817880585979,20,224.1999999999958,1459
350.02663768396565,20,224.3999999999958,1460
350.1559945252131,20,224.5999999999958,1461
350.6345364277231,20,224.79999999999578,1462
350.7856705007062,20,224.99999999999577,1463
350.9365536390533,20,225.19999999999575,1465
351.0703551661736,20,225.39999999999574,1466
352.00377083999894,20,225.59999999999573,1467
352.14774386291214,20,225.79999999999572,1468
352.63672489969343,20,225.9999999999957,1469
352.76542308314094,20,226.1999999999957,1472
352.8768947578674,20,226.39999999999569,1473
353.0548011368015,20,226.59999999999567,1474
354.06613277260675,20,226.79999999999566,1475
354.2020757624998,20,226.99999999999565,1476
354.6014854122387,20,227.19999999999564,1478
354.75588417459403,20,227.39999999999563,1479
354.8822445528188,20,227.59999999999562,1480
355.03219534682455,20,227.7999999999956,1481
355.4901867241609,20,227.9999999999956,1482
356.12053532564346,20,228.19999999999558,1485
356.24090851964985,20,228.39999999999557,1486
356.3856315329559,20,228.59999999999556,1487
356.8326077620421,20,228.79999999999555,1488
356.95674967699154,20,228.99999999999554,1489
357.0755831866603,20,229.19999999999553,1491
358.0326922975482,20,229.39999999999552,1492
358.19491254824015,20,229.5999999999955,1493
358.6350174149587,20,229.7999999999955,1494
358.77296507009703,20,229.99999999999548,1495
358.8725582365279,20,230.19999999999547,1498
359.04204746360216,20,230.39999999999546,1499
359.9592429177242,20,230.59999999999545,1500
360.10712633434525,20,230.79999999999544,1501
360.2100785267814,20,230.99999999999542,1502
360.68818340914214,20,231.1999999999954,1504
360.8229556581154,20,231.3999999999954,1505
360.9672235094748,20,231.5999999999954,1506
361.11734590444587,20,231.79999999999538,1507
361.9583366776951,20,231.99999999999537,1508
362.162762247709,20,232.19999999999536,1511
362.2833745349851,20,232.39999999999534,1512
362.69873750466996,20,232.59999999999533,1513
362.8461132867388,20,232.79999999999532,1514
363.03185812176304,20,232.9999999999953,1515
363.43499883747546,20,233.1999999999953,1517
364.09741969753674,20,233.3999999999953,1518
364.2656420702353,20,233.59999999999528,1519
364.3989076113463,20,233.79999999999526,1520
364.7891470278998,20,233.99999999999525,1521
364.9618910113436,20,234.19999999999524,1524
365.11246054808305,20,234.39999999999523,1525
366.01286977711936,20,234.59999999999522,1526
366.1934636884492,20,234.7999999999952,1527
366.3126873412145,20,234.9999999999952,1528
366.81265797238774,20,235.19999999999519,1530
366.95820630854337,20,235.39999999999517,1531
367.08864474629604,20,235.59999999999516,1532
367.535617215258,20,235.79999999999515,1533
368.1472513622726,20,235.99999999999514,1534
368.24882822106406,20,236.19999999999513,1537
368.3981028427131,20,236.39999999999512,1538
368.81690672821054,20,236.5999999999951,1539
368.97731232150414,20,236.7999999999951,1540
369.10499567624186,20,236.99999999999508,1541
370.00311756656544,20,237.19999999999507,1543
370.1741520209693,20,237.39999999999506,1544
370.62137921154334,20,237.59999999999505,1545
370.7490197969469,20,237.79999999999504,1546
370.8514277632578,20,237.99999999999503,1547
371.03300898329957,20,238.19999999999501,1550
371.9524034097902,20,238.399999999995,1551
372.08909913139155,20,238.599999999995,1552
372.204408207431,20,238.79999999999498,1553
372.71343237436247,20,238.99999999999497,1554
372.8176454827357,20,239.19999999999496,1556
372.9701604332602,20,239.39999999999495,1557
373.0988130591314,20,239.59999999999494,1558
373.51956058932853,20,239.79999999999492,1559
374.1543797045902,20,239.9999999999949,1560
374.2508074387989,20,240.1999999999949,1563
374.4195191519155,20,240.3999999999949,1564
374.86364243334253,20,240.59999999999488,1565
375.01080941077794,20,240.79999999999487,1566
375.12634493585387,20,240.99999999999486,1567
376.04233889105944,20,241.19999999999484,1569
376.18094908143445,20,241.39999999999483,1570
376.6498004837023,20,241.59999999999482,1571
376.74230922691135,20,241.7999999999948,1572
376.89469935010004,20,241.9999999999948,1573
377.07246034412407,20,242.1999999999948,1576
377.96319264991246,20,242.39999999999478,1577
378.14420586693325,20,242.59999999999476,1578
378.60760203204956,20,242.79999999999475,1579
378.74754146035605,20,242.99999999999474,1580
378.88139578670945,20,243.19999999999473,1582
379.02544003724023,20,243.39999999999472,1583
379.4937373959203,20,243.5999999999947,1584
380.11745969702366,20,243.7999999999947,1585
380.2266595391514,20,243.99999999999469,1586
380.3588687264044,20,244.19999999999467,1589
380.81311866757966,20,244.39999999999466,1590
380.97328795586014,20,244.59999999999465,1591
381.11446434825865,20,244.79999999999464,1592
382.0585147046703,20,244.99999999999463,1593
382.14304452985147,20,245.19999999999462,1595
382.6072864619295,20,245.3999999999946,1596
382.7831782390179,20,245.5999999999946,1597
382.91350050736185,20,245.79999999999458,1598
383.0643742328715,20,245.99999999999457,1599
383.50504480465,20,246.19999999999456,1602
384.1141784593631,20,246.39999999999455,1603
384.2786089050657,20,246.59999999999454,1604
384.41571355659374,20,246.79999999999453,1605
384.80063607696604,20,246.99999999999451,1606
384.9321239263582,20,247.1999999999945,1608
385.10794680206766,20,247.3999999999945,1609
386.07785720881975,20,247.59999999999448,1610
386.19067351376293,20,247.79999999999447,1611
386.3449276791338,20,247.99999999999446,1612
386.7987946247909,20,248.19999999999445,1615
386.9264813427886,20,248.39999999999444,1616
387.08927383923873,20,248.59999999999442,1617
387.4974274564492,20,248.7999999999944,1618
388.1441767158875,20,248.9999999999944,1619
388.28529509071,20,249.1999999999944,1621
388.3914620440902,20,249.39999999999438,1622
388.85409973803627,20,249.59999999999437,1623
389.00973732794614,20,249.79999999999436,1624
389.1825729404854,20,249.99999999999434,1625
389.6178336985111,20,250.19999999999433,1628
390.25849463352694,20,250.39999999999432,1629
390.3909772417406,20,250.5999999999943,1630
390.51026512142715,20,250.7999999999943,1631
390.997585612974,20,250.9999999999943,1632
391.15521084879214,20,251.19999999999428,1634
391.2636698363339,20,251.39999999999426,1635
392.24355226438826,20,251.59999999999425,1636
392.3489446594575,20,251.79999999999424,1637
392.77250945008444,20,251.99999999999423,1638
392.95839353500975,20,252.19999999999422,1641
393.0845461649833,20,252.3999999999942,1642
393.50181228409826,20,252.5999999999942,1643
394.14118471719735,20,252.79999999999418,1644
394.2735023513641,20,252.99999999999417,1645
394.4343157615996,20,253.19999999999416,1647
394.90903971492367,20,253.39999999999415,1648
395.02363182584816,20,253.59999999999414,1649
395.2240403980195,20,253.79999999999413,1650
396.0990209732035,20,253.99999999999412,1651
396.2543342854885,20,254.1999999999941,1654
396.74630903988736,20,254.3999999999941,1655
396.8504994691979,20,254.59999999999408,1656
397.00547653323963,20,254.79999999999407,1657
397.0905005900637,20,254.99999999999406,1658
398.0599512676321,20,255.19999999999405,1660
398.1983984590037,20,255.39999999999404,1661
398.6022909246469,20,255.59999999999403,1662
398.7877123914797,20,255.79999999999401,1663
398.9324484586544,20,255.999999999994,1664
399.0510040259333,20,256.199999999994,1667
399.4923196383352,20,256.399999999994,1668
400.17644405470253,20,256.599999999994,1669
400.2974004560351,20,256.799999999994,1670
400.4373824908054,20,256.999999999994,1671
400.92368952553346,20,257.19999999999396,1673
401.0566331830704,20,257.39999999999395,1674
401.1555929838873,20,257.59999999999394,1675
402.1280654036911,20,257.79999999999393,1676
402.26354506453185,20,257.9999999999939,1677
402.71282218051067,20,258.1999999999939,1680
402.81793501933083,20,258.3999999999939,1681
403.0590850493,20,258.5999999999939,1682
403.1940475330618,20,258.7999999999939,1683
404.1080669110676,20,258.99999999999386,1684
404.2494323476644,20,259.19999999999385,1686
404.6954637224635,20,259.39999999999384,1687
404.8141025284008,20,259.5999999999938,1688
404.9303408527133,20,259.7999999999938,1689
405.0991801405336,20,259.9999999999938,1690
405.5418852257103,20,260.1999999999938,1693
406.20066787022625,20,260.3999999999938,1694
406.30155441042405,20,260.59999999999377,1695
406.45232257864905,20,260.79999999999376,1696
406.8144483085889,20,260.99999999999375,1697
406.984402028453,20,261.19999999999374,1699
407.15982411645473,20,261.3999999999937,1700
407.5970245727043,20,261.5999999999937,1701
408.1829050391683,20,261.7999999999937,1702
408.3578946036003,20,261.9999999999937,1703
408.480655319492,20,262.1999999999937,1706
408.8808569390815,20,262.39999999999367,1707
409.02983710841545,20,262.59999999999366,1708
409.17416440238486,20,262.79999999999364,1709
410.11336941393245,20,262.99999999999363,1710
410.2639789764265,20,263.1999999999936,1712
410.7050213032702,20,263.3999999999936,1713
410.8835880669515,20,263.5999999999936,1714
411.0412462631118,20,263.7999999999936,1715
411.9738950246268,20,263.9999999999936,1716
412.0901023128437,20,264.19999999999357,1719
412.5269307481842,20,264.39999999999355,1720
412.70783762452464,20,264.59999999999354,1721
412.8314056900654,20,264.79999999999353,1722
412.9807610013545,20,264.9999999999935,1723
413.43711151895013,20,265.1999999999935,1725
414.0351180899212,20,265.3999999999935,1726
414.15181985237143,20,265.5999999999935,1727
414.3323535559526,20,265.7999999999935,1728
414.7532027272684,20,265.99999999999346,1729
414.8691257100044,20,266.19999999999345,1732
415.0295416483623,20,266.39999999999344,1733
415.15640377027734,20,266.59999999999343,1734
416.1325802724911,20,266.7999999999934,1735
416.29261671208167,20,266.9999999999934,1736
416.73405865880693,20,267.1999999999934,1738
416.8784814273853,20,267.3999999999934,1739
417.0180082954423,20,267.5999999999934,1740
417.45592291680833,20,267.79999999999336,1741
418.1098758471304,20,267.99999999999335,1742
418.27938551443515,20,268.19999999999334,1745
418.4061275315696,20,268.3999999999933,1746
418.8203009777258,20,268.5999999999933,1747
418.96494839643634,20,268.7999999999933,1748
419.09171085195135,20,268.9999999999933,1749
420.04868005096915,20,269.1999999999933,1751
420.16207865730104,20,269.39999999999327,1752
420.6377740300044,20,269.59999999999326,1753
420.76158499972536,20,269.79999999999325,1754
420.9038578624465,20,269.99999999999324,1755
421.0573872084587,20,270.1999999999932,1758
421.9935162884058,20,270.3999999999932,1759
422.17324381267395,20,270.5999999999932,1760
422.3024832803422,20,270.7999999999932,1761
422.6988607224275,20,270.9999999999932,1762
422.83040324741984,20,271.19999999999317,1764
423.0287009499184,20,271.39999999999316,1765
423.6552073264792,20,271.59999999999314,1766
424.07687606834213,20,271.79999999999313,1767
424.2074008615021,20,271.9999999999931,1768
424.65402483286005,20,272.1999999999931,1771
424.8288096527097,20,272.3999999999931,1772
424.9648708756994,20,272.5999999999931,1773
425.07914350473845,20,272.7999999999931,1774
426.02038405359747,20,272.99999999999307,1775
426.1699587193439,20,273.19999999999305,1777
426.60375341642566,20,273.39999999999304,1778
426.737098094611,20,273.59999999999303,1779
426.8839113807387,20,273.799999999993,1780
427.0021707492889,20,273.999999999993,1781
427.6522897409629,20,274.199999999993,1784
428.06875061589346,20,274.399999999993,1785
428.2465033322561,20,274.599999999993,1786
428.69155774210094,20,274.79999999999296,1787
428.81244638350154,20,274.99999999999295,1788
428.9415396768222,20,275.19999999999294,1790
429.0879632498899,20,275.39999999999293,1791
429.9866408918646,20,275.5999999999929,1792
430.1271920575903,20,275.7999999999929,1793
430.2316633432975,20,275.9999999999929,1794
430.7355138284941,20,276.1999999999929,1797
430.8606465866944,20,276.3999999999929,1798
430.9446690231863,20,276.59999999999286,1799
431.4714369578551,20,276.79999999999285,1800
432.08232420163586,20,276.99999999999284,1801
432.19502835864637,20,277.1999999999928,1803
432.3565122380541,20,277.3999999999928,1804
432.838261151753,20,277.5999999999928,1805
432.96004268875026,20,277.7999999999928,1806
433.07038017998406,20,277.9999999999928,1807
434.0142703058193,20,278.19999999999277,1810
434.20000473761354,20,278.39999999999276,1811
434.61863392131784,20,278.59999999999275,1812
434.7555490374764,20,278.79999999999274,1813
434.9598965910342,20,278.9999999999927,1814
435.09981190796157,20,279.1999999999927,1816
435.51641182050156,20,279.3999999999927,1817
436.1212104410484,20,279.5999999999927,1818
436.28486891371824,20,279.7999999999927,1819
436.42241718086353,20,279.99999999999267,1820
436.8534350431243,20,280.19999999999266,1823
437.0106528150496,20,280.39999999999264,1824
437.1473741325959,20,280.59999999999263,1825
438.07090397378573,20,280.7999999999926,1826
438.2203903947597,20,280.9999999999926,1827
438.6487884686429,20,281.1999999999926,1829
438.84147105582684,20,281.3999999999926,1830
438.9781195952074,20,281.5999999999926,1831
439.9193168076402,20,281.79999999999256,1832
440.0834521935824,20,281.99999999999255,1833
440.2161579105474,20,282.19999999999254,1836
440.63688207627877,20,282.39999999999253,1837
440.7462364531945,20,282.5999999999925,1838
440.90753669256816,20,282.7999999999925,1839
441.05394605412897,20,282.9999999999925,1840
441.480607022772,20,283.1999999999925,1842
442.12849781456123,20,283.3999999999925,1843
442.2958556280771,20,283.59999999999246,1844
442.41330698322815,20,283.79999999999245,1845
442.885125464422,20,283.99999999999244,1846
443.018019531857,20,284.19999999999243,1849
443.1830282596836,20,284.3999999999924,1850
444.0916897703139,20,284.5999999999924,1851
444.2245780402099,20,284.7999999999924,1852
444.70636557564916,20,284.9999999999924,1853
444.8265589834708,20,285.1999999999924,1855
444.9688426068378,20,285.39999999999236,1856
445.4183974567798,20,285.59999999999235,1857
446.04395788248297,20,285.79999999999234,1858
446.18728932176435,20,285.9999999999923,1859
446.3307803016078,20,286.1999999999923,1862
446.7986427669905,20,286.3999999999923,1863
446.9158204795712,20,286.5999999999923,1864
447.05825733790556,20,286.7999999999923,1865
447.45386954067976,20,286.99999999999227,1866
448.1407895203032,20,287.19999999999226,1868
448.2570407841867,20,287.39999999999225,1869
448.41778042109314,20,287.59999999999224,1870
448.8404357075082,20,287.7999999999922,1871
448.99385952253465,20,287.9999999999922,1872
449.1008333877587,20,288.1999999999922,1875
450.044161935123,20,288.3999999999922,1876
450.1657415182694,20,288.5999999999922,1877
450.60485702856545,20,288.79999999999217,1878
450.7081931254527,20,288.99999999999216,1879
450.8885575445102,20,289.19999999999214,1881
451.01711023956506,20,289.39999999999213,1882
451.4845457730998,20,289.5999999999921,1883
452.14247306091033,20,289.7999999999921,1884
452.273689646078,20,289.9999999999921,1885
452.4318737078394,20,290.1999999999921,1888
452.8358647117053,20,290.3999999999921,1889
452.96577340296,20,290.59999999999206,1890
453.11566398161006,20,290.79999999999205,1891
454.0580193882377,20,290.99999999999204,1892
454.17168883403417,20,291.19999999999203,1894
454.6443524086684,20,291.399999999992,1895
454.7796762685987,20,291.599999999992,1896
454.9294903611876,20,291.799999999992,1897
455.05572854132885,20,291.999999999992,1898
455.17588975702733,20,292.199999999992,1901
456.1888647931452,20,292.39999999999196,1902
456.33883184788436,20,292.59999999999195,1903
456.7883243222594,20,292.79999999999194,1904
456.90803706279814,20,292.9999999999919,1905
457.05976983912313,20,293.1999999999919,1907
458.0242881940586,20,293.3999999999919,1908
458.1558515564147,20,293.5999999999919,1909
458.5664832064767,20,293.7999999999919,1910
458.69164165732104,20,293.99999999999187,1911
458.83184781800526,20,294.19999999999186,1914
458.9799267765545,20,294.39999999999185,1915
459.60509069174145,20,294.59999999999184,1916
460.08719071636375,20,294.7999999999918,1917
460.234355444183,20,294.9999999999918,1918
460.6466091848577,20,295.1999999999918,1920
460.783254461244,20,295.3999999999918,1921
460.9290617305939,20,295.5999999999918,1922
461.04149841184216,20,295.79999999999177,1923
461.52757975272766,20,295.99999999999176,1924
462.138087852815,20,296.19999999999175,1927
462.3298105757865,20,296.39999999999173,1928
462.44536151948705,20,296.5999999999917,1929
462.8879535392304,20,296.7999999999917,1930
463.0057117080974,20,296.9999999999917,1931
463.1004128203967,20,297.1999999999917,1933
464.05075088227863,20,297.3999999999917,1934
464.19976221741587,20,297.59999999999167,1935
464.69888924749864,20,297.79999999999166,1936
464.8399458070852,20,297.99999999999164,1937
464.97488556113177,20,298.19999999999163,1940
465.4254384368549,20,298.3999999999916,1941
466.076395170668,20,298.5999999999916,1942
466.22176079973855,20,298.7999999999916,1943
466.3705706908014,20,298.9999999999916,1944
466.7751571341283,20,299.1999999999916,1946
466.916258771159,20,299.39999999999156,1947
467.0193491786332,20,299.59999999999155,1948
467.9872177517715,20,299.79999999999154,1949
468.0979258073571,20,299.99999999999153,1950
468.2471077961203,20,300.1999999999915,1953
468.66784340882003,20,300.3999999999915,1954
468.80747461096814,20,300.5999999999915,1955
468.9258674108784,20,300.7999999999915,1956
469.0533000350582,20,300.9999999999915,1957
469.50448313835443,20,301.19999999999146,1959
470.1614627105148,20,301.39999999999145,1960
470.30049957383494,20,301.59999999999144,1961
470.4709205366464,20,301.7999999999914,1962
470.92646203989375,20,301.9999999999914,1963
471.0454792060206,20,302.1999999999914,1966
471.1858650794911,20,302.3999999999914,1967
472.1099970036884,20,302.5999999999914,1968
472.23813422829284,20,302.79999999999137,1969
472.7244910418179,20,302.99999999999136,1970
472.87150934911233,20,303.19999999999135,1972
472.97882691035176,20,303.39999999999134,1973
473.9320495132178,20,303.5999999999913,1974
474.05856416100204,20,303.7999999999913,1975
474.19884297551823,20,303.9999999999913,1976
474.6164789752446,20,304.1999999999913,1979
474.78895384583495,20,304.3999999999913,1980
474.95027738371283,20,304.59999999999127,1981
475.36763697604755,20,304.79999999999126,1982
476.05918594611734,20,304.99999999999125,1983
476.2076889186158,20,305.19999999999123,1985
476.3296036051461,20,305.3999999999912,1986
476.74942891430163,20,305.5999999999912,1987
476.8926428283776,20,305.7999999999912,1988
477.016897503762,20,305.9999999999912,1989
477.45628815966177,20,306.1999999999912,1992
478.08472705521916,20,306.39999999999117,1993
478.2692464988648,20,306.59999999999116,1994
478.40639408122513,20,306.79999999999114,1995
478.8412712983041,20,306.99999999999113,1996
478.9949113982349,20,307.1999999999911,1998
479.19936583370855,20,307.3999999999911,1999
479.5580062290138,20,307.5999999999911,2000
480.1923238326147,20,307.7999999999911,2001
480.3379719858484,20,307.9999999999911,2002
480.77080405471924,20,308.19999999999106,2005
480.9356864381873,20,308.39999999999105,2006
481.07529463345435,20,308.59999999999104,2007
481.98540373608495,20,308.79999999999103,2008
482.13294784902274,20,308.999999999991,2009
482.579819492317,20,309.199999999991,2011
482.68018369796727,20,309.399999999991,2012
482.8186553164202,20,309.599999999991,2013
482.97489716015656,20,309.799999999991,2014
483.9310665000718,20,309.99999999999096,2015
484.09273713851525,20,310.19999999999095,2018
484.20289512457833,20,310.39999999999094,2019
484.642897004715,20,310.5999999999909,2020
484.7803257624029,20,310.7999999999909,2021
484.8801662099085,20,310.9999999999909,2022
485.0150774426739,20,311.1999999999909,2024
485.49892069554807,20,311.3999999999909,2025
486.1517485811627,20,311.59999999999087,2026
486.25755840946886,20,311.79999999999086,2027
486.42889437925436,20,311.99999999999085,2028
486.8696486632499,20,312.19999999999084,2031
487.01105124244003,20,312.3999999999908,2032
487.1314006669866,20,312.5999999999908,2033
488.0431983898695,20,312.7999999999908,2034
488.21583241146806,20,312.9999999999908,2035
488.3642846665409,20,313.1999999999908,2037
488.7846338519629,20,313.39999999999077,2038
488.9324500240979,20,313.59999999999076,2039
489.0654811316337,20,313.79999999999075,2040
490.00361182253226,20,313.99999999999073,2041
490.120236069893,20,314.1999999999907,2044
490.2766356015363,20,314.3999999999907,2045
490.69143810896884,20,314.5999999999907,2046
490.84066984383963,20,314.7999999999907,2047
490.975860496212,20,314.9999999999907,2048
491.87857679704365,20,315.19999999999067,2050
492.07623140438045,20,315.39999999999065,2051
492.21795968337375,20,315.59999999999064,2052
492.6591311352226,20,315.79999999999063,2053
492.7754607980208,20,315.9999999999906,2054
492.93716953225515,20,316.1999999999906,2057
493.09357368194674,20,316.3999999999906,2058
494.00222713719955,20,316.5999999999906,2059
494.12180119305765,20,316.7999999999906,2060
494.29881601022674,20,316.99999999999056,2061
494.75649969342084,20,317.19999999999055,2063
494.8774761844029,20,317.39999999999054,2064
495.0102123956843,20,317.59999999999053,2065
495.4212154231496,20,317.7999999999905,2066
496.054841739495,20,317.9999999999905,2067
496.19859354117847,20,318.1999999999905,2070
496.31053763210355,20,318.3999999999905,2071
496.7646597592916,20,318.5999999999905,2072
496.92674834932296,20,318.79999999999046,2073
497.07100953106897,20,318.99999999999045,2074
498.0160674506281,20,319.19999999999044,2076
498.19141802276687,20,319.3999999999904,2077
498.6037432752567,20,319.5999999999904,2078
498.7488695389267,20,319.7999999999904,2079
498.8597500668889,20,319.9999999999904,2080
499.0094381699548,20,320.1999999999904,2083
499.9722754337305,20,320.39999999999037,2084
