192.168.0.0 utilization summary 
0.1 
1.0 
1.0 
1.0 
1.0 
1.0 
1.0 
1.0 
1.0 
1.0 
0.9 
0.98 
1.0 
1.0 
1.0 
0.02 
0.99 
1.0 
0.07 
1.0 
1.0 
1.0 
1.0 
1.0 
1.0 
1.0 
1.0 
1.0 
0.94 
0.04 
1.0 
1.0 
1.0 
1.0 
1.0 
0.96 
0.1 
1.0 
0.9 
0.05 
1.0 
1.0 
1.0 
1.0 
1.0 
1.0 
1.0 
1.0 
1.0 
0.95 
0.0 
0.93 
1.0 
1.0 
1.0 
1.0 
1.0 
0.07 
0.81 
1.0 
0.23 
1.0 
1.0 
1.0 
1.0 
1.0 
1.0 
1.0 
0.96 
0.06 
1.0 
1.0 
1.0 
1.0 
1.0 
0.94 
0.01 
1.0 
0.99 
0.0 
0.91 
1.0 
1.0 
1.0 
1.0 
1.0 
1.0 
1.0 
1.0 
1.0 
0.11 
1.0 
1.0 
1.0 
1.0 
1.0 
0.98 
0.01 
1.0 
0.99 
