1.9870777925943803,20,0,1
2.151872728727455,20,0.2,3
2.2899991295427093,20,0.4,4
2.4428334891610435,20,0.6000000000000001,5
2.626250902431403,20,0.8,6
2.807090938217043,20,1.0,8
3.3748124797130483,20,1.2,9
3.557267391995187,20,1.4,10
3.737648247764813,20,1.5999999999999999,11
3.905255885828261,20,1.7999999999999998,12
4.104091167605079,20,1.9999999999999998,13
5.493946653156527,20,2.1999999999999997,16
5.663954860042937,20,2.4,17
5.860128303249743,20,2.6,18
6.021464953226434,20,2.8000000000000003,19
6.587008651465427,20,3.0000000000000004,21
6.773708912881933,20,3.2000000000000006,22
6.906068765678449,20,3.400000000000001,23
7.091287972833687,20,3.600000000000001,24
7.2533275814516,20,3.800000000000001,25
8.558012949164938,20,4.000000000000001,28
8.746583155395916,20,4.200000000000001,29
8.91528133016289,20,4.400000000000001,30
9.083270211628648,20,4.600000000000001,31
9.233404906590055,20,4.800000000000002,32
9.417597390307225,20,5.000000000000002,34
10.011673030530197,20,5.200000000000002,35
10.210593794974212,20,5.400000000000002,36
10.386743511644122,20,5.600000000000002,37
10.495764906154687,20,5.8000000000000025,38
11.474021683836153,20,6.000000000000003,41
12.100832831367413,20,6.200000000000003,42
12.254625194303701,20,6.400000000000003,43
12.440509004206142,20,6.600000000000003,44
12.547599836522654,20,6.800000000000003,45
12.74654992323567,20,7.0000000000000036,47
13.361788653987626,20,7.200000000000004,48
13.521431730304867,20,7.400000000000004,49
13.675281879889951,20,7.600000000000004,50
13.8418750644283,20,7.800000000000004,51
14.001717664794773,20,8.000000000000004,54
15.406404578696588,20,8.200000000000003,55
15.50728219186934,20,8.400000000000002,56
15.72267798799256,20,8.600000000000001,57
15.883698511251676,20,8.8,58
16.46101572109138,20,9.0,60
16.6072956064721,20,9.2,61
16.805209752276614,20,9.399999999999999,62
17.016882886971782,20,9.599999999999998,63
17.130848853586915,20,9.799999999999997,64
17.287667011682238,20,9.999999999999996,65
18.67570228061473,20,10.199999999999996,68
18.79398464030428,20,10.399999999999995,69
18.944792821035705,20,10.599999999999994,70
19.10184416717172,20,10.799999999999994,71
19.712086866145498,20,10.999999999999993,72
19.86478610280941,20,11.199999999999992,74
20.0427459456343,20,11.399999999999991,75
20.21094170990197,20,11.59999999999999,76
20.390716113079925,20,11.79999999999999,77
20.629106121582662,20,11.99999999999999,78
21.957395187729436,20,12.199999999999989,81
22.135142832707622,20,12.399999999999988,82
22.302693522826946,20,12.599999999999987,83
22.467258934608953,20,12.799999999999986,84
23.117107546524526,20,12.999999999999986,85
23.241145663581115,20,13.199999999999985,87
23.41248568541826,20,13.399999999999984,88
23.610017398625196,20,13.599999999999984,89
23.742414724559005,20,13.799999999999983,90
23.902515376751108,20,13.999999999999982,91
25.282071280026496,20,14.199999999999982,94
25.451131452515174,20,14.39999999999998,95
25.641113481228867,20,14.59999999999998,96
25.814819622659837,20,14.79999999999998,97
26.377545005616604,20,14.999999999999979,98
26.55996528219571,20,15.199999999999978,100
26.696689558086042,20,15.399999999999977,101
26.91449929667011,20,15.599999999999977,102
27.031352475098224,20,15.799999999999976,103
27.98459165052187,20,15.999999999999975,104
28.619479825160006,20,16.199999999999974,107
28.766819604482656,20,16.399999999999974,108
28.95260674667632,20,16.599999999999973,109
29.100122105696446,20,16.799999999999972,110
29.731313558919407,20,16.99999999999997,111
29.850800530840324,20,17.19999999999997,113
30.015739770986702,20,17.39999999999997,114
30.195320381977854,20,17.59999999999997,115
30.405091657172797,20,17.79999999999997,116
30.54485191060197,20,17.999999999999968,117
31.932534964782388,20,18.199999999999967,120
32.08542559034636,20,18.399999999999967,121
32.27515598801667,20,18.599999999999966,122
32.432899162648184,20,18.799999999999965,123
33.04467141032898,20,18.999999999999964,124
33.22209848952905,20,19.199999999999964,126
33.386468516697185,20,19.399999999999963,127
33.547876325384685,20,19.599999999999962,128
33.71087791007744,20,19.79999999999996,129
35.12942434895686,20,19.99999999999996,130
35.23656139447386,20,20.19999999999996,133
35.42764875267694,20,20.39999999999996,134
35.602198385520346,20,20.59999999999996,135
35.76276260200423,20,20.799999999999958,136
35.93975416052704,20,20.999999999999957,137
36.56098295593745,20,21.199999999999957,139
36.72490007058943,20,21.399999999999956,140
36.870407504331006,20,21.599999999999955,141
37.05260600303315,20,21.799999999999955,142
37.64190043308619,20,21.999999999999954,143
38.52462522924746,20,22.199999999999953,146
38.6875830551771,20,22.399999999999952,147
38.890319438155764,20,22.59999999999995,148
39.030154844107365,20,22.79999999999995,149
39.20106489927699,20,22.99999999999995,150
39.806050998878796,20,23.19999999999995,152
39.95647128125643,20,23.39999999999995,153
40.15792999146103,20,23.599999999999948,154
40.3417336455972,20,23.799999999999947,155
40.91167653650034,20,23.999999999999947,156
41.87251773760264,20,24.199999999999946,159
42.02645961932855,20,24.399999999999945,160
42.16986560830253,20,24.599999999999945,161
42.347229745999336,20,24.799999999999944,162
42.54297425490063,20,24.999999999999943,163
43.12237065672121,20,25.199999999999942,165
43.231230136238324,20,25.39999999999994,166
43.471171496304606,20,25.59999999999994,167
43.61776434071724,20,25.79999999999994,168
43.77230280184623,20,25.99999999999994,169
45.11963286705429,20,26.19999999999994,172
45.21873109061126,20,26.399999999999938,173
45.42972937938577,20,26.599999999999937,174
45.59207834132592,20,26.799999999999937,175
45.76403266818134,20,26.999999999999936,176
46.337092712838405,20,27.199999999999935,178
46.544860471296154,20,27.399999999999935,179
46.71112678673529,20,27.599999999999934,180
46.89141739064652,20,27.799999999999933,181
47.484110703494615,20,27.999999999999932,182
48.45680950861675,20,28.199999999999932,185
48.57792617367254,20,28.39999999999993,186
48.736566551462396,20,28.59999999999993,187
48.90054209401412,20,28.79999999999993,188
49.56359778962572,20,28.99999999999993,189
49.72405217943545,20,29.19999999999993,191
49.89531647421564,20,29.399999999999928,192
50.0415525145503,20,29.599999999999927,193
50.22162735773999,20,29.799999999999926,194
50.37940280519848,20,29.999999999999925,195
51.752743258481495,20,30.199999999999925,198
51.93564652635879,20,30.399999999999924,199
52.07154504451476,20,30.599999999999923,200
52.20008570141191,20,30.799999999999923,201
52.8116143946536,20,30.999999999999922,202
52.9347648795541,20,31.19999999999992,204
53.12425783236321,20,31.39999999999992,205
53.296226716872,20,31.59999999999992,206
53.485035794975865,20,31.79999999999992,207
54.07661182400771,20,31.99999999999992,208
55.01327997012482,20,32.19999999999992,211
55.18357110049081,20,32.39999999999992,212
55.38387850464503,20,32.59999999999992,213
55.5388826523829,20,32.799999999999926,214
56.14062288163877,20,32.99999999999993,215
56.295422607916194,20,33.19999999999993,217
56.46237943110574,20,33.399999999999935,218
56.61800053167005,20,33.59999999999994,219
56.79410705895902,20,33.79999999999994,220
57.39185480016211,20,33.99999999999994,221
58.3554750457177,20,34.199999999999946,224
58.47316147444783,20,34.39999999999995,225
58.66090151427257,20,34.59999999999995,226
58.75535348694214,20,34.799999999999955,227
59.455225976510874,20,34.99999999999996,228
59.60455222889007,20,35.19999999999996,230
59.76825744939033,20,35.39999999999996,231
59.93600440029552,20,35.599999999999966,232
60.09905035395275,20,35.79999999999997,233
61.48942528542647,20,35.99999999999997,234
61.647052809447196,20,36.199999999999974,237
61.80127728397,20,36.39999999999998,238
61.98726995181199,20,36.59999999999998,239
62.15993095608844,20,36.79999999999998,240
62.719762123521384,20,36.999999999999986,241
62.911022918736116,20,37.19999999999999,243
63.066630846270975,20,37.39999999999999,244
63.206630857039364,20,37.599999999999994,245
63.37559607239629,20,37.8,246
63.5661167956294,20,38.0,249
64.9073305875406,20,38.2,250
65.04010348819922,20,38.400000000000006,251
65.20656997550007,20,38.60000000000001,252
65.43259896502026,20,38.80000000000001,253
65.63472871605961,20,39.000000000000014,255
66.15903851992722,20,39.20000000000002,256
66.34041933417362,20,39.40000000000002,257
66.50331404337187,20,39.60000000000002,258
66.68678507227696,20,39.800000000000026,259
68.0428365006922,20,40.00000000000003,262
68.240586369461,20,40.20000000000003,263
68.40267767001913,20,40.400000000000034,264
68.55634575172559,20,40.60000000000004,265
68.72576446029828,20,40.80000000000004,266
69.31305324282401,20,41.00000000000004,268
69.50667306349872,20,41.200000000000045,269
69.62773940872317,20,41.40000000000005,270
69.79282489477879,20,41.60000000000005,271
69.98106830744136,20,41.800000000000054,272
70.92046255819274,20,42.00000000000006,275
71.53428657451421,20,42.20000000000006,276
71.68396362699349,20,42.40000000000006,277
71.90670375457329,20,42.600000000000065,278
72.05911723254488,20,42.80000000000007,279
72.24837960905187,20,43.00000000000007,281
72.81552826350088,20,43.200000000000074,282
72.99040038887746,20,43.40000000000008,283
73.1528706842498,20,43.60000000000008,284
73.3333247063989,20,43.80000000000008,285
73.95947954657629,20,44.000000000000085,288
74.86683596655607,20,44.20000000000009,289
75.07150049411791,20,44.40000000000009,290
75.21854579142516,20,44.600000000000094,291
75.3621724903303,20,44.8000000000001,292
75.54197634168256,20,45.0000000000001,294
76.14043958676712,20,45.2000000000001,295
76.30549065175697,20,45.400000000000105,296
76.47811830331624,20,45.60000000000011,297
76.62907993284445,20,45.80000000000011,298
76.82156096491714,20,46.000000000000114,301
78.18734301181117,20,46.20000000000012,302
78.31902738457107,20,46.40000000000012,303
78.47236407793584,20,46.60000000000012,304
78.66402116766206,20,46.800000000000125,305
78.83561089682165,20,47.00000000000013,307
79.39144832253307,20,47.20000000000013,308
79.61795477271603,20,47.400000000000134,309
79.76570285584852,20,47.600000000000136,310
79.92398255417494,20,47.80000000000014,311
81.30156615631898,20,48.00000000000014,314
81.46196100684708,20,48.200000000000145,315
81.630416542524,20,48.40000000000015,316
81.78294757292329,20,48.60000000000015,317
81.91745077145353,20,48.80000000000015,318
82.12997573114406,20,49.000000000000156,320
82.72365214317317,20,49.20000000000016,321
82.89141529261849,20,49.40000000000016,322
83.08804696226701,20,49.600000000000165,323
83.23614439936937,20,49.80000000000017,324
84.57300473579438,20,50.00000000000017,327
84.7481326913128,20,50.20000000000017,328
84.86430971036923,20,50.400000000000176,329
85.06514031921174,20,50.60000000000018,330
85.24741150752749,20,50.80000000000018,331
85.82662368838895,20,51.000000000000185,333
86.03227564671896,20,51.20000000000019,334
86.16740395690594,20,51.40000000000019,335
86.34328950818917,20,51.60000000000019,336
86.51008646036352,20,51.800000000000196,337
87.42685613802931,20,52.0000000000002,340
88.02036428044066,20,52.2000000000002,341
88.21226621422879,20,52.400000000000205,342
88.34406445044188,20,52.60000000000021,343
88.51050560986745,20,52.80000000000021,344
89.13001925011416,20,53.00000000000021,346
89.31006806341553,20,53.200000000000216,347
89.46888503070086,20,53.40000000000022,348
89.65045594195539,20,53.60000000000022,349
89.81663450306195,20,53.800000000000225,350
91.21589728276999,20,54.00000000000023,353
91.32634851031,20,54.20000000000023,354
91.48311110138017,20,54.40000000000023,355
91.61820195804432,20,54.600000000000236,356
91.82277787132608,20,54.80000000000024,357
92.440698003139,20,55.00000000000024,359
92.56661780638987,20,55.200000000000244,360
92.76063594613645,20,55.40000000000025,361
92.88022221020807,20,55.60000000000025,362
93.07473683727372,20,55.80000000000025,363
94.42275223088753,20,56.000000000000256,366
94.62152107095967,20,56.20000000000026,367
94.77841159883694,20,56.40000000000026,368
94.99794803997108,20,56.600000000000264,369
95.1319741593245,20,56.80000000000027,370
95.31123030117244,20,57.00000000000027,372
95.90150994674033,20,57.20000000000027,373
96.08024519733522,20,57.400000000000276,374
96.22714254741352,20,57.60000000000028,375
96.3767491313515,20,57.80000000000028,376
97.01783850593631,20,58.000000000000284,379
97.91150165464104,20,58.20000000000029,380
98.12008681727514,20,58.40000000000029,381
98.24515139794671,20,58.60000000000029,382
98.4318319612771,20,58.800000000000296,383
98.59117775334566,20,59.0000000000003,385
99.13153818736595,20,59.2000000000003,386
99.33802661979387,20,59.400000000000304,387
99.49697289303207,20,59.60000000000031,388
99.6839785254482,20,59.80000000000031,389
101.02894109054107,20,60.00000000000031,392
101.21385607906343,20,60.200000000000315,393
101.35333400004865,20,60.40000000000032,394
101.54770917208438,20,60.60000000000032,395
101.68683545920616,20,60.800000000000324,396
102.3256036664767,20,61.00000000000033,398
102.53966548232421,20,61.20000000000033,399
102.69153517564955,20,61.40000000000033,400
102.9174618946973,20,61.600000000000335,401
103.02532532172697,20,61.80000000000034,402
104.36181928851728,20,62.00000000000034,405
104.57422705540229,20,62.200000000000344,406
104.74738367233815,20,62.40000000000035,407
104.87981096850893,20,62.60000000000035,408
105.06786643143467,20,62.80000000000035,409
105.26190029853369,20,63.000000000000355,411
105.85819638023764,20,63.20000000000036,412
106.02676141910192,20,63.40000000000036,413
106.15561040130272,20,63.600000000000364,414
106.27185546551829,20,63.80000000000037,415
107.73118365254585,20,64.00000000000037,418
107.88042164435329,20,64.20000000000037,419
108.024669631677,20,64.40000000000038,420
108.22946963885103,20,64.60000000000038,421
108.3982681921408,20,64.80000000000038,422
108.57528756766109,20,65.00000000000038,424
109.16225824962483,20,65.20000000000039,425
109.32654088493878,20,65.40000000000039,426
109.48188471872761,20,65.60000000000039,427
109.64544305132861,20,65.8000000000004,428
111.02482489880646,20,66.0000000000004,431
111.17825308722811,20,66.2000000000004,432
111.36145922383838,20,66.4000000000004,433
111.52972491973468,20,66.6000000000004,434
111.66900412532058,20,66.80000000000041,435
111.82487800891752,20,67.00000000000041,437
112.43892784165584,20,67.20000000000041,438
112.63272617508662,20,67.40000000000042,439
112.78371152351116,20,67.60000000000042,440
112.9476587516509,20,67.80000000000042,441
113.88671434674511,20,68.00000000000043,444
114.49422469036436,20,68.20000000000043,445
114.63549806648082,20,68.40000000000043,446
114.82073275315051,20,68.60000000000043,447
114.99249006076239,20,68.80000000000044,448
115.59877198809357,20,69.00000000000044,450
115.79448064892387,20,69.20000000000044,451
115.90684975835299,20,69.40000000000045,452
116.0825842074055,20,69.60000000000045,453
116.23756415951502,20,69.80000000000045,454
116.42986322198101,20,70.00000000000045,457
117.72244226420949,20,70.20000000000046,458
117.93857396373855,20,70.40000000000046,459
118.0751311669728,20,70.60000000000046,460
118.28893570094559,20,70.80000000000047,461
118.46301448037397,20,71.00000000000047,463
119.00703555314958,20,71.20000000000047,464
119.19667911750423,20,71.40000000000047,465
119.4002907824359,20,71.60000000000048,466
119.54815284854337,20,71.80000000000048,467
120.20716819544027,20,72.00000000000048,470
121.10318621966006,20,72.20000000000049,471
121.27893517078158,20,72.40000000000049,472
121.44839485267158,20,72.60000000000049,473
121.61217038588957,20,72.8000000000005,474
122.19317219661141,20,73.0000000000005,476
122.34494366983917,20,73.2000000000005,477
122.52612151166942,20,73.4000000000005,478
122.66808447759034,20,73.6000000000005,479
122.86281558675107,20,73.80000000000051,480
123.02302161731336,20,74.00000000000051,483
124.37139145948014,20,74.20000000000051,484
124.54901313790458,20,74.40000000000052,485
124.68602710564029,20,74.60000000000052,486
124.8691926501583,20,74.80000000000052,487
125.02185965662463,20,75.00000000000053,489
125.65632171518322,20,75.20000000000053,490
125.81272832593856,20,75.40000000000053,491
125.96545616388015,20,75.60000000000053,492
126.17208703449566,20,75.80000000000054,493
126.28554206901136,20,76.00000000000054,496
127.65746013813691,20,76.20000000000054,497
127.84871134109318,20,76.40000000000055,498
127.98800256124049,20,76.60000000000055,499
128.14860892987343,20,76.80000000000055,500
128.76699089415249,20,77.00000000000055,502
128.9140327675126,20,77.20000000000056,503
129.0890881975184,20,77.40000000000056,504
129.2352905816389,20,77.60000000000056,505
129.39354232781022,20,77.80000000000057,506
130.02442290194028,20,78.00000000000057,509
130.9944379906871,20,78.20000000000057,510
131.10353525284998,20,78.40000000000057,511
131.31442920291533,20,78.60000000000058,512
131.4311583752511,20,78.80000000000058,513
131.57376060174744,20,79.00000000000058,515
132.20094810410671,20,79.20000000000059,516
132.4100596347607,20,79.40000000000059,517
132.54155918338304,20,79.60000000000059,518
132.77315134001853,20,79.8000000000006,519
132.91313290142426,20,80.0000000000006,522
134.29469549647163,20,80.2000000000006,523
134.48283387666999,20,80.4000000000006,524
134.63468572499707,20,80.6000000000006,525
134.80246002706272,20,80.80000000000061,526
135.3790145356147,20,81.00000000000061,528
135.5477973942118,20,81.20000000000061,529
135.74463272522382,20,81.40000000000062,530
135.90874066501965,20,81.60000000000062,531
136.07040978931462,20,81.80000000000062,532
137.46348522870804,20,82.00000000000063,535
137.60422192123028,20,82.20000000000063,536
137.79436057743894,20,82.40000000000063,537
137.92163465293405,20,82.60000000000063,538
138.06903865113503,20,82.80000000000064,539
138.68643933290068,20,83.00000000000064,541
138.81970613223436,20,83.20000000000064,542
138.98745085145111,20,83.40000000000065,543
139.17100221326177,20,83.60000000000065,544
139.32476629941743,20,83.80000000000065,545
140.6989817084664,20,84.00000000000065,548
140.82522331954692,20,84.20000000000066,549
141.04453502930758,20,84.40000000000066,550
141.19883464576913,20,84.60000000000066,551
141.36592919799835,20,84.80000000000067,552
141.52837923266452,20,85.00000000000067,554
142.1104583822228,20,85.20000000000067,555
142.30750448522582,20,85.40000000000067,556
142.48618877621487,20,85.60000000000068,557
142.61256165301043,20,85.80000000000068,558
143.5446513121555,20,86.00000000000068,561
144.13541042993185,20,86.20000000000068,562
144.28934269704914,20,86.40000000000069,563
144.47328236296474,20,86.60000000000069,564
144.61607319553258,20,86.8000000000007,565
144.78724378316892,20,87.0000000000007,567
145.41051676752357,20,87.2000000000007,568
145.59384827574843,20,87.4000000000007,569
145.71646874940149,20,87.6000000000007,570
145.90626624514553,20,87.80000000000071,571
146.87374227830136,20,88.00000000000071,574
147.5060048247739,20,88.20000000000071,575
147.63090871555087,20,88.40000000000072,576
147.80534689783454,20,88.60000000000072,577
147.96342298378988,20,88.80000000000072,578
148.1291032150897,20,89.00000000000072,580
148.7244935631636,20,89.20000000000073,581
148.89566397231363,20,89.40000000000073,582
149.04330909835664,20,89.60000000000073,583
149.2202541738429,20,89.80000000000074,584
150.55460122061683,20,90.00000000000074,587
150.74458053849244,20,90.20000000000074,588
150.92365625417645,20,90.40000000000074,589
151.0733150523558,20,90.60000000000075,590
151.25097559308492,20,90.80000000000075,591
151.87480424098553,20,91.00000000000075,593
151.98310576916063,20,91.20000000000076,594
152.21803849854734,20,91.40000000000076,595
152.35923338562893,20,91.60000000000076,596
152.51154699401272,20,91.80000000000076,597
152.6834697095957,20,92.00000000000077,600
154.06576834833567,20,92.20000000000077,601
154.2272204864979,20,92.40000000000077,602
154.40754868667642,20,92.60000000000078,603
154.5336830960667,20,92.80000000000078,604
154.67884142791013,20,93.00000000000078,606
155.2712736625996,20,93.20000000000078,607
155.4579030702783,20,93.40000000000079,608
155.60299064521166,20,93.60000000000079,609
155.8038030571337,20,93.8000000000008,610
156.3935843962662,20,94.0000000000008,613
157.3297270160471,20,94.2000000000008,614
157.55392893238297,20,94.4000000000008,615
157.65533013478804,20,94.6000000000008,616
157.86102088825695,20,94.80000000000081,617
158.45134831683825,20,95.00000000000081,619
158.62420831554263,20,95.20000000000081,620
158.79373401539942,20,95.40000000000082,621
158.97127944634252,20,95.60000000000082,622
159.12649995423052,20,95.80000000000082,623
159.27148870265984,20,96.00000000000082,626
160.6200065754274,20,96.20000000000083,627
160.8215923504572,20,96.40000000000083,628
160.94571937952753,20,96.60000000000083,629
161.09494842232965,20,96.80000000000084,630
161.2699358156077,20,97.00000000000084,632
161.85397382378872,20,97.20000000000084,633
162.06478735002324,20,97.40000000000084,634
162.21032343809,20,97.60000000000085,635
162.41779489255836,20,97.80000000000085,636
163.01676815581078,20,98.00000000000085,639
163.93253269704667,20,98.20000000000086,640
164.09522846694335,20,98.40000000000086,641
164.2700667591681,20,98.60000000000086,642
164.3792298580092,20,98.80000000000086,643
165.0258354537148,20,99.00000000000087,645
165.2321466158845,20,99.20000000000087,646
165.38166911069268,20,99.40000000000087,647
165.52122099299882,20,99.60000000000088,648
165.6791580987698,20,99.80000000000088,649
167.08643269472864,20,100.00000000000088,652
167.18017272167208,20,100.20000000000088,653
167.35168640577473,20,100.40000000000089,654
167.54311787873175,20,100.60000000000089,655
167.7086823201383,20,100.80000000000089,656
168.30057447229538,20,101.0000000000009,658
168.47037196567413,20,101.2000000000009,659
168.6403721420493,20,101.4000000000009,660
168.81554247090833,20,101.6000000000009,661
168.95815499441176,20,101.8000000000009,662
169.11369221512334,20,102.00000000000091,665
170.48169702852832,20,102.20000000000091,666
170.6426243057551,20,102.40000000000092,667
170.77519015409527,20,102.60000000000092,668
170.94376183408946,20,102.80000000000092,669
171.11575138024037,20,103.00000000000092,671
171.72684299383982,20,103.20000000000093,672
171.85990634446796,20,103.40000000000093,673
172.03259726736985,20,103.60000000000093,674
172.20797907525568,20,103.80000000000094,675
172.36817759791427,20,104.00000000000094,678
173.73298614314527,20,104.20000000000094,679
173.92370929836616,20,104.40000000000094,680
174.06707956229806,20,104.60000000000095,681
174.26069706533056,20,104.80000000000095,682
174.85615541933726,20,105.00000000000095,684
175.00666961732068,20,105.20000000000095,685
175.1569007132671,20,105.40000000000096,686
175.3067852189956,20,105.60000000000096,687
175.50415756077368,20,105.80000000000096,688
176.44904948541344,20,106.00000000000097,691
177.0769864420146,20,106.20000000000097,692
177.20194245672104,20,106.40000000000097,693
177.4032145377985,20,106.60000000000097,694
177.54690996452177,20,106.80000000000098,695
178.14594954876688,20,107.00000000000098,697
178.32527064129752,20,107.20000000000098,698
178.50207456987442,20,107.40000000000099,699
178.62092107028266,20,107.60000000000099,700
178.8368299091451,20,107.80000000000099,701
178.96197946064152,20,108.000000000001,704
180.31913328548865,20,108.200000000001,705
180.486058916874,20,108.400000000001,706
180.67871226598706,20,108.600000000001,707
180.8597712199412,20,108.800000000001,708
181.43143350746217,20,109.00000000000101,710
181.60667990057877,20,109.20000000000101,711
181.82060330230996,20,109.40000000000101,712
181.94137072251914,20,109.60000000000102,713
182.12224725987136,20,109.80000000000102,714
182.71518554026676,20,110.00000000000102,717
183.65504286907904,20,110.20000000000103,718
183.8334939905421,20,110.40000000000103,719
183.958662168252,20,110.60000000000103,720
184.17742396374322,20,110.80000000000103,721
184.34000436819383,20,111.00000000000104,723
184.96604511718695,20,111.20000000000104,724
185.15402003094175,20,111.40000000000104,725
185.33326712483006,20,111.60000000000105,726
185.47330990483655,20,111.80000000000105,727
186.3995516788459,20,112.00000000000105,730
186.97704029907254,20,112.20000000000105,731
187.16048191083937,20,112.40000000000106,732
187.3365191880479,20,112.60000000000106,733
187.44710403496825,20,112.80000000000106,734
188.1212066900357,20,113.00000000000107,736
188.27906573724337,20,113.20000000000107,737
188.43160280869964,20,113.40000000000107,738
188.62337500469732,20,113.60000000000107,739
188.79740279477394,20,113.80000000000108,740
190.14798914967585,20,114.00000000000108,743
190.36657632262336,20,114.20000000000108,744
190.51118541011957,20,114.40000000000109,745
190.65614412766553,20,114.60000000000109,746
190.86672467878805,20,114.80000000000109,747
191.46123315366992,20,115.0000000000011,749
191.61396389957122,20,115.2000000000011,750
191.78978151127663,20,115.4000000000011,751
191.93129354484486,20,115.6000000000011,752
192.1311127093821,20,115.8000000000011,753
193.08756247481324,20,116.00000000000111,756
193.65815155159333,20,116.20000000000111,757
193.80600774361736,20,116.40000000000111,758
194.0002824774743,20,116.60000000000112,759
194.13438355566436,20,116.80000000000112,760
194.7029076852803,20,117.00000000000112,762
194.9138463419305,20,117.20000000000113,763
195.0946334470567,20,117.40000000000113,764
195.23045282013447,20,117.60000000000113,765
195.41186760376848,20,117.80000000000113,766
196.80318459240274,20,118.00000000000114,769
196.93848599930288,20,118.20000000000114,770
197.13284121850694,20,118.40000000000114,771
197.30874414543104,20,118.60000000000115,772
197.42812623323644,20,118.80000000000115,773
197.6052546834466,20,119.00000000000115,775
198.21544145221904,20,119.20000000000115,776
198.43497488819736,20,119.40000000000116,777
198.56204243154676,20,119.60000000000116,778
198.7590466119167,20,119.80000000000116,779
198.90514787555438,20,120.00000000000117,782
200.29904177406812,20,120.20000000000117,783
200.45185398966686,20,120.40000000000117,784
200.6043773185719,20,120.60000000000117,785
200.82922652281889,20,120.80000000000118,786
200.94466988534623,20,121.00000000000118,788
201.50741350598145,20,121.20000000000118,789
201.63548118085893,20,121.40000000000119,790
201.8294615997307,20,121.60000000000119,791
202.05578438575222,20,121.80000000000119,792
202.60395007157226,20,122.0000000000012,795
203.5720757455033,20,122.2000000000012,796
203.72393252922,20,122.4000000000012,797
203.87795054145803,20,122.6000000000012,798
204.05014282993878,20,122.8000000000012,799
204.2183549112241,20,123.00000000000121,801
204.74082978393406,20,123.20000000000121,802
204.95082457634678,20,123.40000000000121,803
205.09258163552326,20,123.60000000000122,804
205.28304021329308,20,123.80000000000122,805
206.2197941243218,20,124.00000000000122,808
206.8322494747938,20,124.20000000000122,809
206.98704456290147,20,124.40000000000123,810
207.2020313669398,20,124.60000000000123,811
207.3637815956724,20,124.80000000000123,812
207.53026488886528,20,125.00000000000124,814
208.14373958474033,20,125.20000000000124,815
208.33566588768667,20,125.40000000000124,816
208.4702198559011,20,125.60000000000124,817
208.61764909967434,20,125.80000000000125,818
208.79287224824327,20,126.00000000000125,821
210.2161934351725,20,126.20000000000125,822
210.35410321765053,20,126.40000000000126,823
210.56503614839048,20,126.60000000000126,824
210.73598133024825,20,126.80000000000126,825
211.3193401957172,20,127.00000000000126,827
211.51617537545602,20,127.20000000000127,828
211.64419583061482,20,127.40000000000127,829
211.8087972543998,20,127.60000000000127,830
211.97943184697075,20,127.80000000000128,831
213.35653172894078,20,128.00000000000128,834
213.53727430459344,20,128.20000000000127,835
213.67821167581147,20,128.40000000000126,836
213.91510311452026,20,128.60000000000124,837
214.06687956611697,20,128.80000000000123,838
214.64774497066907,20,129.00000000000122,840
214.81030235104564,20,129.2000000000012,841
215.00964952346303,20,129.4000000000012,842
215.166733406102,20,129.6000000000012,843
215.33369121216174,20,129.80000000000118,844
216.6636209723224,20,130.00000000000117,847
216.81050052728384,20,130.20000000000115,848
216.9804822054325,20,130.40000000000114,849
217.12241116848548,20,130.60000000000113,850
217.25590991095171,20,130.80000000000112,851
217.4338489863688,20,131.0000000000011,853
218.04015755367791,20,131.2000000000011,854
218.28202576980917,20,131.40000000000109,855
218.44082966797987,20,131.60000000000107,856
218.5717802141606,20,131.80000000000106,857
219.17726673109632,20,132.00000000000105,860
220.12197356198052,20,132.20000000000104,861
220.31654505705183,20,132.40000000000103,862
220.45909095804654,20,132.60000000000102,863
220.6037339767779,20,132.800000000001,864
220.76209910859902,20,133.000000000001,866
221.40490130751664,20,133.20000000000098,867
221.54659560509904,20,133.40000000000097,868
221.70615544108855,20,133.60000000000096,869
221.89444152362037,20,133.80000000000095,870
222.03694688850825,20,134.00000000000094,873
223.3953185092494,20,134.20000000000093,874
223.5705079118911,20,134.40000000000092,875
223.78753433132263,20,134.6000000000009,876
223.90524550134566,20,134.8000000000009,877
224.49191745956983,20,135.00000000000088,879
224.69076904638771,20,135.20000000000087,880
224.8496282016384,20,135.40000000000086,881
224.9976973860625,20,135.60000000000085,882
225.1527313435084,20,135.80000000000084,883
226.08673052628302,20,136.00000000000082,886
226.6425361200213,20,136.2000000000008,887
226.84455749300537,20,136.4000000000008,888
227.01190375019624,20,136.6000000000008,889
227.15449557880353,20,136.80000000000078,890
227.70952760166378,20,137.00000000000077,892
227.93349918528415,20,137.20000000000076,893
228.1052715179745,20,137.40000000000074,894
228.27043561714862,20,137.60000000000073,895
228.39728467162408,20,137.80000000000072,896
229.01296443439742,20,138.0000000000007,899
229.9083241362418,20,138.2000000000007,900
230.10788153973937,20,138.4000000000007,901
230.23843884152132,20,138.60000000000068,902
230.41962552999928,20,138.80000000000067,903
230.56095489228616,20,139.00000000000065,905
231.1781775877814,20,139.20000000000064,906
231.332702199658,20,139.40000000000063,907
231.4524846157426,20,139.60000000000062,908
231.6537582821802,20,139.8000000000006,909
232.98551378600308,20,140.0000000000006,912
233.11566656386356,20,140.20000000000059,913
233.32092654441155,20,140.40000000000057,914
233.45947707171814,20,140.60000000000056,915
233.67486267095782,20,140.80000000000055,916
233.84322609864498,20,141.00000000000054,918
234.40213652839947,20,141.20000000000053,919
234.5979961123192,20,141.40000000000052,920
234.75245692262055,20,141.6000000000005,921
234.89378093059946,20,141.8000000000005,922
236.268232804639,20,142.00000000000048,925
236.41948737784747,20,142.20000000000047,926
236.59940375416357,20,142.40000000000046,927
236.73995686181001,20,142.60000000000045,928
236.87232254737734,20,142.80000000000044,929
237.48777005624177,20,143.00000000000043,931
237.65506906415953,20,143.20000000000041,932
237.81893862999974,20,143.4000000000004,933
238.01539628612008,20,143.6000000000004,934
238.18223921770297,20,143.80000000000038,935
239.09440904020903,20,144.00000000000037,938
239.68329973200176,20,144.20000000000036,939
239.82533008939052,20,144.40000000000035,940
239.96542058159545,20,144.60000000000034,941
240.14060921813484,20,144.80000000000032,942
240.7214623841835,20,145.0000000000003,944
240.91492239698772,20,145.2000000000003,945
241.09482310282164,20,145.4000000000003,946
241.2488648869256,20,145.60000000000028,947
241.39405589573258,20,145.80000000000027,948
241.57343931289316,20,146.00000000000026,951
242.89346900487908,20,146.20000000000024,952
243.08466494679473,20,146.40000000000023,953
243.26195007450994,20,146.60000000000022,954
243.41158739928676,20,146.8000000000002,955
243.59531602179015,20,147.0000000000002,957
244.21694693535517,20,147.2000000000002,958
244.38483065293494,20,147.40000000000018,959
244.58038056279608,20,147.60000000000016,960
244.7292121157853,20,147.80000000000015,961
246.06119103976604,20,148.00000000000014,964
246.19929112148566,20,148.20000000000013,965
246.39742241788028,20,148.40000000000012,966
246.56823316387988,20,148.6000000000001,967
246.75492472634238,20,148.8000000000001,968
246.93537852216193,20,149.00000000000009,970
247.5005764810938,20,149.20000000000007,971
247.67327882288075,20,149.40000000000006,972
247.84256930960657,20,149.60000000000005,973
247.9896893131728,20,149.80000000000004,974
249.37779337285897,20,150.00000000000003,977
249.53607848671643,20,150.20000000000002,978
249.7144936282713,20,150.4,979
249.89421857446663,20,150.6,980
250.086028502448,20,150.79999999999998,981
250.21065267174043,20,150.99999999999997,982
250.82904028259216,20,151.19999999999996,984
251.05522780646265,20,151.39999999999995,985
251.17970794855344,20,151.59999999999994,986
251.33738612831243,20,151.79999999999993,987
252.3140988266174,20,151.99999999999991,988
252.90552100317942,20,152.1999999999999,991
253.04187626351973,20,152.3999999999999,992
253.22149364594364,20,152.59999999999988,993
253.4015876502684,20,152.79999999999987,994
253.53803957924467,20,152.99999999999986,995
254.1193899294303,20,153.19999999999985,997
254.2778645401388,20,153.39999999999984,998
254.4497461421135,20,153.59999999999982,999
254.61567997559862,20,153.7999999999998,1000
255.2085863806633,20,153.9999999999998,1001
256.13509377016095,20,154.1999999999998,1004
256.3206511722399,20,154.39999999999978,1005
256.5198845238343,20,154.59999999999977,1006
256.68393422950527,20,154.79999999999976,1007
257.25148341419947,20,154.99999999999974,1008
257.43388870118525,20,155.19999999999973,1010
257.60999218077075,20,155.39999999999972,1011
257.74812197002444,20,155.5999999999997,1012
257.9548290458755,20,155.7999999999997,1013
259.33200607760153,20,155.9999999999997,1014
259.4817551143683,20,156.19999999999968,1017
259.6549239727433,20,156.39999999999966,1018
259.8291766373412,20,156.59999999999965,1019
260.0071967443323,20,156.79999999999964,1020
260.60423846240417,20,156.99999999999963,1021
260.7515770579489,20,157.19999999999962,1023
260.907750933996,20,157.3999999999996,1024
261.106145404184,20,157.5999999999996,1025
261.2400901044595,20,157.79999999999959,1026
261.38519520772667,20,157.99999999999957,1027
262.82103368147534,20,158.19999999999956,1030
263.00526419945845,20,158.39999999999955,1031
263.18925582178076,20,158.59999999999954,1032
263.3712922474365,20,158.79999999999953,1033
263.5645878788864,20,158.99999999999952,1034
264.1317211978897,20,159.1999999999995,1036
264.2962707664069,20,159.3999999999995,1037
264.45171863139376,20,159.59999999999948,1038
264.60264061524066,20,159.79999999999947,1039
265.1953159794275,20,159.99999999999946,1040
266.12337897398055,20,160.19999999999945,1043
266.27807835249007,20,160.39999999999944,1044
266.3965085852547,20,160.59999999999943,1045
266.6137810809375,20,160.79999999999941,1046
267.226349345387,20,160.9999999999994,1047
267.375358895945,20,161.1999999999994,1049
267.5369535163521,20,161.39999999999938,1050
267.71419921634225,20,161.59999999999937,1051
267.85937068729817,20,161.79999999999936,1052
269.20716335587537,20,161.99999999999935,1053
269.3479025074429,20,162.19999999999933,1056
269.5349076750423,20,162.39999999999932,1057
269.69623246026464,20,162.5999999999993,1058
269.87774214125017,20,162.7999999999993,1059
270.43404017108605,20,162.9999999999993,1060
270.6467698804735,20,163.19999999999928,1062
270.81041999181775,20,163.39999999999927,1063
270.97660951957494,20,163.59999999999926,1064
271.15822617036406,20,163.79999999999924,1065
271.2839497141565,20,163.99999999999923,1066
272.6524354952063,20,164.19999999999922,1069
272.8468930169128,20,164.3999999999992,1070
272.99093043329094,20,164.5999999999992,1071
273.1596221010446,20,164.7999999999992,1072
273.7848294726176,20,164.99999999999918,1073
273.92663942030185,20,165.19999999999916,1075
274.1028450514895,20,165.39999999999915,1076
274.2547743140806,20,165.59999999999914,1077
274.4091977757023,20,165.79999999999913,1078
274.5773681118081,20,165.99999999999912,1079
275.9116664359357,20,166.1999999999991,1082
276.0546081870038,20,166.3999999999991,1083
276.24151012256755,20,166.59999999999908,1084
276.3780925878654,20,166.79999999999907,1085
277.01350339314456,20,166.99999999999906,1086
277.1935783449741,20,167.19999999999905,1088
277.34731152193893,20,167.39999999999904,1089
277.50262286141356,20,167.59999999999903,1090
277.636075526966,20,167.79999999999902,1091
277.82381037105523,20,167.999999999999,1092
279.21683737458227,20,168.199999999999,1095
279.35322395186915,20,168.39999999999898,1096
279.5234810259366,20,168.59999999999897,1097
279.7242132540683,20,168.79999999999896,1098
280.3317458635188,20,168.99999999999895,1099
280.4606433639932,20,169.19999999999894,1101
280.6039457546468,20,169.39999999999893,1102
280.768373299125,20,169.59999999999891,1103
280.9512584508177,20,169.7999999999989,1104
282.3085662857879,20,169.9999999999989,1105
282.47112061636057,20,170.19999999999888,1108
282.61602504879494,20,170.39999999999887,1109
282.7975831179715,20,170.59999999999886,1110
282.97499986551213,20,170.79999999999885,1111
283.12083699976677,20,170.99999999999883,1112
283.7348120073623,20,171.19999999999882,1114
283.8774755195812,20,171.3999999999988,1115
284.0399744363464,20,171.5999999999988,1116
284.20426799000455,20,171.7999999999988,1117
284.3878850205977,20,171.99999999999878,1118
285.789944090689,20,172.19999999999877,1121
285.90999618521204,20,172.39999999999876,1122
286.15449919516874,20,172.59999999999874,1123
286.280219251023,20,172.79999999999873,1124
286.8988629687795,20,172.99999999999872,1125
287.0559215856195,20,173.1999999999987,1127
287.25013438588803,20,173.3999999999987,1128
287.3955356526969,20,173.5999999999987,1129
287.57236762744316,20,173.79999999999868,1130
287.74589932824887,20,173.99999999999866,1131
289.111606244524,20,174.19999999999865,1134
289.2471469813,20,174.39999999999864,1135
289.44106934934507,20,174.59999999999863,1136
289.5838794959931,20,174.79999999999862,1137
290.20977761980527,20,174.9999999999986,1138
290.37868368843823,20,175.1999999999986,1140
290.55799661143027,20,175.39999999999858,1141
290.73909571041673,20,175.59999999999857,1142
290.95023640406976,20,175.79999999999856,1143
291.8500573156931,20,175.99999999999855,1144
292.4331367388495,20,176.19999999999854,1147
292.60781481931315,20,176.39999999999853,1148
292.73612227467254,20,176.59999999999852,1149
292.92401846222305,20,176.7999999999985,1150
293.54133037183976,20,176.9999999999985,1151
293.715573222336,20,177.19999999999848,1153
293.8182618470766,20,177.39999999999847,1154
294.04366235025145,20,177.59999999999846,1155
294.235397767372,20,177.79999999999845,1156
294.4371172848362,20,177.99999999999844,1157
295.7324141288299,20,178.19999999999843,1160
295.9615021581809,20,178.3999999999984,1161
296.10172070258767,20,178.5999999999984,1162
296.2583417658842,20,178.7999999999984,1163
296.89879466190087,20,178.99999999999838,1164
297.0757831429774,20,179.19999999999837,1166
297.2732813212479,20,179.39999999999836,1167
297.4144703585689,20,179.59999999999835,1168
297.55799423591714,20,179.79999999999833,1169
298.93685016246405,20,179.99999999999832,1170
299.09129148115295,20,180.1999999999983,1173
299.2593843013965,20,180.3999999999983,1174
299.4298853239132,20,180.5999999999983,1175
299.60885119191016,20,180.79999999999828,1176
300.1889916548234,20,180.99999999999827,1177
300.3772498827583,20,181.19999999999825,1179
300.5562963413769,20,181.39999999999824,1180
300.754027046453,20,181.59999999999823,1181
300.89582428136123,20,181.79999999999822,1182
302.24843186534173,20,181.9999999999982,1183
302.46008302943426,20,182.1999999999982,1186
302.6406770805432,20,182.3999999999982,1187
302.8156144988968,20,182.59999999999818,1188
302.98122992236443,20,182.79999999999816,1189
303.58020134180583,20,182.99999999999815,1190
303.72473780939396,20,183.19999999999814,1192
303.9030116981963,20,183.39999999999813,1193
304.07955285822055,20,183.59999999999812,1194
304.22298713033405,20,183.7999999999981,1195
304.7725449502215,20,183.9999999999981,1196
305.72426596425043,20,184.19999999999808,1199
305.85587953035133,20,184.39999999999807,1200
306.0481989305286,20,184.59999999999806,1201
306.1898304355927,20,184.79999999999805,1202
306.829549488595,20,184.99999999999804,1203
307.02349189691654,20,185.19999999999803,1205
307.19065977351386,20,185.39999999999802,1206
307.35772182507253,20,185.599999999998,1207
307.5069837067065,20,185.799999999998,1208
307.6637241385876,20,185.99999999999798,1209
309.049755894208,20,186.19999999999797,1212
309.22079884686207,20,186.39999999999796,1213
309.371856600302,20,186.59999999999795,1214
309.544661129907,20,186.79999999999794,1215
310.2052514220054,20,186.99999999999793,1216
310.3490516048574,20,187.1999999999979,1218
310.57977245224276,20,187.3999999999979,1219
310.75076621496544,20,187.5999999999979,1220
310.90284300045806,20,187.79999999999788,1221
311.79649654498206,20,187.99999999999787,1222
312.42207855896686,20,188.19999999999786,1225
312.60371967594943,20,188.39999999999785,1226
312.78278114768557,20,188.59999999999783,1227
312.93819407538314,20,188.79999999999782,1228
313.5157579622098,20,188.9999999999978,1229
313.69626574458175,20,189.1999999999978,1231
313.8110205184233,20,189.3999999999978,1232
314.00525601866985,20,189.59999999999778,1233
314.16402267015815,20,189.79999999999777,1234
314.3501102460496,20,189.99999999999775,1235
315.6816682626458,20,190.19999999999774,1238
315.8584671262989,20,190.39999999999773,1239
315.9971375182022,20,190.59999999999772,1240
316.19234240360146,20,190.7999999999977,1241
316.81704881270684,20,190.9999999999977,1242
316.987720598007,20,191.1999999999977,1244
317.11614654979866,20,191.39999999999768,1245
317.3076068523311,20,191.59999999999766,1246
317.49583604253843,20,191.79999999999765,1247
318.8425577048275,20,191.99999999999764,1248
319.0572506336092,20,192.19999999999763,1251
319.22329120695457,20,192.39999999999762,1252
319.38839142523517,20,192.5999999999976,1253
319.5247747144139,20,192.7999999999976,1254
319.72159084446486,20,192.99999999999758,1255
320.32357927602806,20,193.19999999999757,1257
320.4823439545758,20,193.39999999999756,1258
320.64460768595205,20,193.59999999999755,1259
320.83238730983857,20,193.79999999999754,1260
322.15345078896496,20,193.99999999999753,1261
322.3403866450912,20,194.19999999999752,1264
322.5030961952075,20,194.3999999999975,1265
322.66476240828956,20,194.5999999999975,1266
322.8235605259865,20,194.79999999999748,1267
323.46192839286954,20,194.99999999999747,1268
323.60246302420205,20,195.19999999999746,1270
323.77224356973375,20,195.39999999999745,1271
323.9548023734695,20,195.59999999999744,1272
324.1276700872677,20,195.79999999999742,1273
324.65532591822017,20,195.9999999999974,1274
325.65144515000355,20,196.1999999999974,1277
325.8239213287732,20,196.3999999999974,1278
326.0014799741512,20,196.59999999999738,1279
326.1594555291867,20,196.79999999999737,1280
326.78896430423015,20,196.99999999999736,1281
326.95204681944807,20,197.19999999999735,1283
327.1350417285053,20,197.39999999999733,1284
327.25074631066457,20,197.59999999999732,1285
327.48054712354934,20,197.7999999999973,1286
327.6206025697809,20,197.9999999999973,1287
328.99684177135714,20,198.1999999999973,1290
329.1318236846948,20,198.39999999999728,1291
329.3046102060728,20,198.59999999999727,1292
329.5026466901426,20,198.79999999999725,1293
329.6121901733684,20,198.99999999999724,1294
330.2347240273333,20,199.19999999999723,1296
330.40826687578954,20,199.39999999999722,1297
330.5564234129737,20,199.5999999999972,1298
330.7290098928972,20,199.7999999999972,1299
330.920747241994,20,199.9999999999972,1300
332.3251816534722,20,200.19999999999717,1303
332.4648383821135,20,200.39999999999716,1304
332.65008756625537,20,200.59999999999715,1305
332.84310498577776,20,200.79999999999714,1306
333.3949573652267,20,200.99999999999713,1307
333.5934541439387,20,201.19999999999712,1309
333.7223069699884,20,201.3999999999971,1310
333.90261639335955,20,201.5999999999971,1311
334.08760261427426,20,201.79999999999708,1312
335.4399301672702,20,201.99999999999707,1313
335.5867489464489,20,202.19999999999706,1316
335.7959147222487,20,202.39999999999705,1317
335.9242836655439,20,202.59999999999704,1318
336.0861192176156,20,202.79999999999703,1319
336.7018207870036,20,202.99999999999702,1320
336.91413272173423,20,203.199999999997,1322
337.07861259391996,20,203.399999999997,1323
337.25019057643595,20,203.59999999999698,1324
337.3949691143941,20,203.79999999999697,1325
337.5480676878575,20,203.99999999999696,1326
338.949468684774,20,204.19999999999695,1329
339.10110442795514,20,204.39999999999694,1330
339.28839624023226,20,204.59999999999692,1331
339.40627206386426,20,204.7999999999969,1332
340.02927765655704,20,204.9999999999969,1333
340.19275425480697,20,205.1999999999969,1335
340.3699239974797,20,205.39999999999688,1336
340.5890691416525,20,205.59999999999687,1337
340.72726148085127,20,205.79999999999686,1338
340.8569752136181,20,205.99999999999685,1339
342.26680734951384,20,206.19999999999683,1342
342.4242633471551,20,206.39999999999682,1343
342.5442836711933,20,206.5999999999968,1344
342.71087212277325,20,206.7999999999968,1345
342.9062905076605,20,206.9999999999968,1346
343.5345134695946,20,207.19999999999678,1348
343.65564110060444,20,207.39999999999677,1349
343.862182999389,20,207.59999999999675,1350
344.0172696350152,20,207.79999999999674,1351
344.1628931276735,20,207.99999999999673,1352
345.55931251424363,20,208.19999999999672,1355
345.6845779444746,20,208.3999999999967,1356
345.85696784926876,20,208.5999999999967,1357
346.03049587993144,20,208.7999999999967,1358
346.20111018942174,20,208.99999999999667,1359
346.76887990500364,20,209.19999999999666,1361
346.9500229045739,20,209.39999999999665,1362
347.063671166225,20,209.59999999999664,1363
347.2918919187464,20,209.79999999999663,1364
348.22141311598585,20,209.99999999999662,1365
348.82082396290235,20,210.1999999999966,1368
348.99369000297264,20,210.3999999999966,1369
349.1226527312472,20,210.59999999999658,1370
349.33668611462963,20,210.79999999999657,1371
349.8822621374227,20,210.99999999999656,1372
350.0493394322655,20,211.19999999999655,1374
350.2080977697436,20,211.39999999999654,1375
350.3804088257436,20,211.59999999999653,1376
350.5715747014182,20,211.79999999999652,1377
350.6901930330887,20,211.9999999999965,1378
352.1079503355669,20,212.1999999999965,1381
352.27875212673985,20,212.39999999999648,1382
352.4022122969,20,212.59999999999647,1383
352.60536380949225,20,212.79999999999646,1384
352.77637754028245,20,212.99999999999645,1385
353.40259682783727,20,213.19999999999644,1387
353.54589737676673,20,213.39999999999642,1388
353.71511772486286,20,213.5999999999964,1389
353.89644432276515,20,213.7999999999964,1390
355.27247318366693,20,213.9999999999964,1391
355.44011708123514,20,214.19999999999638,1394
355.593168874494,20,214.39999999999637,1395
355.77158546335335,20,214.59999999999636,1396
355.8853025630855,20,214.79999999999634,1397
356.1057348091506,20,214.99999999999633,1398
356.7449900162146,20,215.19999999999632,1400
356.88837329777465,20,215.3999999999963,1401
357.03264632440147,20,215.5999999999963,1402
357.2367793724381,20,215.7999999999963,1403
357.41372074563986,20,215.99999999999628,1404
358.74905927105885,20,216.19999999999627,1407
358.89087532914044,20,216.39999999999625,1408
359.08179822121315,20,216.59999999999624,1409
359.3029943577784,20,216.79999999999623,1410
359.45241819561437,20,216.99999999999622,1411
360.04237143147094,20,217.1999999999962,1413
360.2472553794827,20,217.3999999999962,1414
360.403799601956,20,217.5999999999962,1415
360.57798320932795,20,217.79999999999617,1416
361.9225867722662,20,217.99999999999616,1417
362.06620673602345,20,218.19999999999615,1420
362.22380232195445,20,218.39999999999614,1421
362.42428334799826,20,218.59999999999613,1422
362.58257837692753,20,218.79999999999612,1423
362.7853339916741,20,218.9999999999961,1424
363.35614484598926,20,219.1999999999961,1426
363.51694531788326,20,219.39999999999608,1427
363.6489322926723,20,219.59999999999607,1428
363.8359242812115,20,219.79999999999606,1429
364.78182885900367,20,219.99999999999605,1430
365.3698431507627,20,220.19999999999604,1433
365.53035050978355,20,220.39999999999603,1434
365.7013931180632,20,220.59999999999602,1435
365.8337995145925,20,220.799999999996,1436
366.44750161534245,20,220.999999999996,1437
366.6066273848366,20,221.19999999999598,1439
366.7683206320826,20,221.39999999999597,1440
366.91497026260765,20,221.59999999999596,1441
367.0780464514779,20,221.79999999999595,1442
367.7241832461855,20,221.99999999999594,1443
368.62942039234645,20,222.19999999999592,1446
368.83245838651453,20,222.3999999999959,1447
368.92486283046196,20,222.5999999999959,1448
369.1135775282861,20,222.7999999999959,1449
369.69324906525554,20,222.99999999999588,1450
369.882814540256,20,223.19999999999587,1452
370.05569933920583,20,223.39999999999586,1453
370.2318760850335,20,223.59999999999584,1454
370.3464040736757,20,223.79999999999583,1455
371.7622392268869,20,223.99999999999582,1456
371.9288914027398,20,224.1999999999958,1459
372.0612471124977,20,224.3999999999958,1460
372.23101012225607,20,224.5999999999958,1461
372.4415665722993,20,224.79999999999578,1462
373.00012686956745,20,224.99999999999577,1463
373.18151178296444,20,225.19999999999575,1465
373.4099382166918,20,225.39999999999574,1466
373.54987201654944,20,225.59999999999573,1467
373.71392087685035,20,225.79999999999572,1468
374.6017916295428,20,225.9999999999957,1469
375.2290217839502,20,226.1999999999957,1472
375.36778671904466,20,226.39999999999569,1473
375.54708325446757,20,226.59999999999567,1474
375.7236051877863,20,226.79999999999566,1475
376.33001809427145,20,226.99999999999565,1476
376.4811373828216,20,227.19999999999564,1478
376.63624659337233,20,227.39999999999563,1479
376.81761300085066,20,227.59999999999562,1480
377.0088330193241,20,227.7999999999956,1481
378.37563879212905,20,227.9999999999956,1482
378.5275360572767,20,228.19999999999558,1485
378.73464668594784,20,228.39999999999557,1486
378.90760598228735,20,228.59999999999556,1487
379.0512944802673,20,228.79999999999555,1488
379.23966992336017,20,228.99999999999554,1489
379.79150908629066,20,229.19999999999553,1491
379.9461435210598,20,229.39999999999552,1492
380.11604541328506,20,229.5999999999955,1493
380.32706329090405,20,229.7999999999955,1494
381.6776223907486,20,229.99999999999548,1495
381.84168867830874,20,230.19999999999547,1498
382.02158244335186,20,230.39999999999546,1499
382.16990532060436,20,230.59999999999545,1500
382.3239629160361,20,230.79999999999544,1501
382.53842392661795,20,230.99999999999542,1502
383.1422007022039,20,231.1999999999954,1504
383.2820588292901,20,231.3999999999954,1505
383.46547973674444,20,231.5999999999954,1506
383.6778333166096,20,231.79999999999538,1507
384.6025653960326,20,231.99999999999537,1508
385.17076050548155,20,232.19999999999536,1511
385.3054970054021,20,232.39999999999534,1512
385.4952543998296,20,232.59999999999533,1513
385.6596800018805,20,232.79999999999532,1514
386.28453088737155,20,232.9999999999953,1515
386.4173510878868,20,233.1999999999953,1517
386.6090313434688,20,233.3999999999953,1518
386.77509495553863,20,233.59999999999528,1519
386.88831914621505,20,233.79999999999526,1520
387.1263058785642,20,233.99999999999525,1521
388.41940813286936,20,234.19999999999524,1524
388.5776960258094,20,234.39999999999523,1525
388.755542786355,20,234.59999999999522,1526
388.9197621208228,20,234.7999999999952,1527
389.08543739726986,20,234.9999999999952,1528
389.6814448941234,20,235.19999999999519,1530
389.88685842353345,20,235.39999999999517,1531
390.0225701357927,20,235.59999999999516,1532
390.18188867266537,20,235.79999999999515,1533
390.36390968367743,20,235.99999999999514,1534
391.73442802084526,20,236.19999999999513,1537
391.9584693510882,20,236.39999999999512,1538
392.114485651879,20,236.5999999999951,1539
392.21990597752165,20,236.7999999999951,1540
392.4162689059492,20,236.99999999999508,1541
393.04662095986527,20,237.19999999999507,1543
393.19315616926883,20,237.39999999999506,1544
393.38602994653814,20,237.59999999999505,1545
393.5537030839413,20,237.79999999999504,1546
394.14264553215236,20,237.99999999999503,1547
395.05757571272056,20,238.19999999999501,1550
395.2709716457863,20,238.399999999995,1551
395.40626630253485,20,238.599999999995,1552
395.57338299468216,20,238.79999999999498,1553
395.75195137401334,20,238.99999999999497,1554
396.31284043267294,20,239.19999999999496,1556
396.5183946335959,20,239.39999999999495,1557
396.65426790003715,20,239.59999999999494,1558
396.8492650369346,20,239.79999999999492,1559
398.22569404537694,20,239.9999999999949,1560
398.356172462856,20,240.1999999999949,1563
398.52274414849575,20,240.3999999999949,1564
398.68642178321545,20,240.59999999999488,1565
398.84769294612323,20,240.79999999999487,1566
398.99907158328205,20,240.99999999999486,1567
399.6233133562566,20,241.19999999999484,1569
399.7523528569794,20,241.39999999999483,1570
399.9456110083293,20,241.59999999999482,1571
400.12531837230637,20,241.7999999999948,1572
401.511597650732,20,241.9999999999948,1573
401.67394668031733,20,242.1999999999948,1576
401.8619378190528,20,242.39999999999478,1577
402.0057130511768,20,242.59999999999476,1578
402.1396735793011,20,242.79999999999475,1579
402.8175813083789,20,242.99999999999474,1580
402.99205016509205,20,243.19999999999473,1582
403.1363840520385,20,243.39999999999472,1583
403.32232030636055,20,243.5999999999947,1584
403.42547076928685,20,243.7999999999947,1585
403.6187260349516,20,243.99999999999469,1586
404.9796143782072,20,244.19999999999467,1589
405.13573464708423,20,244.39999999999466,1590
405.3185444252508,20,244.59999999999465,1591
405.50698798849095,20,244.79999999999464,1592
406.10349315577724,20,244.99999999999463,1593
406.276284412402,20,245.19999999999462,1595
406.4254842361963,20,245.3999999999946,1596
406.5886947387,20,245.5999999999946,1597
406.7359751217502,20,245.79999999999458,1598
406.94439740006413,20,245.99999999999457,1599
408.3317869072708,20,246.19999999999456,1602
408.4403396071558,20,246.39999999999455,1603
408.57748900001457,20,246.59999999999454,1604
408.736192538437,20,246.79999999999453,1605
408.94094854164246,20,246.99999999999451,1606
409.5406292621829,20,247.1999999999945,1608
409.72272881885925,20,247.3999999999945,1609
409.86619208128,20,247.59999999999448,1610
410.01706007074785,20,247.79999999999447,1611
411.00144714045206,20,247.99999999999446,1612
411.58240722123355,20,248.19999999999445,1615
411.7748340269573,20,248.39999999999444,1616
411.9363903275283,20,248.59999999999442,1617
412.12582526843494,20,248.7999999999944,1618
412.70910199438697,20,248.9999999999944,1619
412.88893185929845,20,249.1999999999944,1621
413.0260894323076,20,249.39999999999438,1622
413.18043484119767,20,249.59999999999437,1623
413.3531830221697,20,249.79999999999436,1624
413.96715309208423,20,249.99999999999434,1625
414.9194847649394,20,250.19999999999433,1628
415.0539234040474,20,250.39999999999432,1629
415.2288940375693,20,250.5999999999943,1630
415.4002547093389,20,250.7999999999943,1631
415.5416032271161,20,250.9999999999943,1632
416.17326134432017,20,251.19999999999428,1634
416.33330049872166,20,251.39999999999426,1635
416.5005709355905,20,251.59999999999425,1636
416.63833622378843,20,251.79999999999424,1637
418.01973598879135,20,251.99999999999423,1638
418.21099552968906,20,252.19999999999422,1641
418.35700591647816,20,252.3999999999942,1642
418.5420110515926,20,252.5999999999942,1643
418.7054747168791,20,252.79999999999418,1644
419.2582216675516,20,252.99999999999417,1645
419.45813038861684,20,253.19999999999416,1647
419.61348508559837,20,253.39999999999415,1648
419.80390649106283,20,253.59999999999414,1649
419.9723938143376,20,253.79999999999413,1650
421.3316607587135,20,253.99999999999412,1651
421.47590225980827,20,254.1999999999941,1654
421.67442890405033,20,254.3999999999941,1655
421.7895889372467,20,254.59999999999408,1656
421.95525310219244,20,254.79999999999407,1657
422.5276849633215,20,254.99999999999406,1658
422.69476795439186,20,255.19999999999405,1660
422.83804085285635,20,255.39999999999404,1661
423.00879445609644,20,255.59999999999403,1662
423.1854031508899,20,255.79999999999401,1663
423.3608885613237,20,255.999999999994,1664
424.7103578617226,20,256.199999999994,1667
424.87209000698635,20,256.399999999994,1668
425.0425472100196,20,256.599999999994,1669
425.16222592840705,20,256.799999999994,1670
425.7641372738222,20,256.999999999994,1671
425.9707214455366,20,257.19999999999396,1673
426.1334323423088,20,257.39999999999395,1674
426.28824744692963,20,257.59999999999394,1675
426.4940769894628,20,257.79999999999393,1676
426.6521450429778,20,257.9999999999939,1677
428.00540067153156,20,258.1999999999939,1680
428.20827619358056,20,258.3999999999939,1681
428.3637863454779,20,258.5999999999939,1682
428.5450490757723,20,258.7999999999939,1683
429.14008756616647,20,258.99999999999386,1684
429.3223635819207,20,259.19999999999385,1686
429.4899131517143,20,259.39999999999384,1687
429.65052060500506,20,259.5999999999938,1688
429.83484480422277,20,259.7999999999938,1689
431.20481651794637,20,259.9999999999938,1690
431.3896840984664,20,260.1999999999938,1693
431.5230944569214,20,260.3999999999938,1694
431.6700175486422,20,260.59999999999377,1695
431.82989710594495,20,260.79999999999376,1696
432.4540869379757,20,260.99999999999375,1697
432.6142019003202,20,261.19999999999374,1699
432.8287057835899,20,261.3999999999937,1700
432.9584794247572,20,261.5999999999937,1701
433.1026060148494,20,261.7999999999937,1702
434.0136490722446,20,261.9999999999937,1703
434.617282952976,20,262.1999999999937,1706
434.799444773619,20,262.39999999999367,1707
434.97391941730586,20,262.59999999999366,1708
435.12991333391244,20,262.79999999999364,1709
435.2535096153709,20,262.99999999999363,1710
435.89571808819784,20,263.1999999999936,1712
436.06455819823117,20,263.3999999999936,1713
436.22059910238636,20,263.5999999999936,1714
436.4204753324266,20,263.7999999999936,1715
437.74016334119193,20,263.9999999999936,1716
437.9225790155703,20,264.19999999999357,1719
438.03780760924286,20,264.39999999999355,1720
438.2632151592579,20,264.59999999999354,1721
438.36238071466477,20,264.79999999999353,1722
438.55823668333903,20,264.9999999999935,1723
439.14931227888235,20,265.1999999999935,1725
439.31853006854436,20,265.3999999999935,1726
439.51044625197824,20,265.5999999999935,1727
439.68075022021594,20,265.7999999999935,1728
440.5855008899134,20,265.99999999999346,1729
441.22324676484425,20,266.19999999999345,1732
441.3566008393488,20,266.39999999999344,1733
441.56085523364516,20,266.59999999999343,1734
441.7269767464323,20,266.7999999999934,1735
442.3171101793836,20,266.9999999999934,1736
442.44416446904296,20,267.1999999999934,1738
442.63678219055237,20,267.3999999999934,1739
442.76447178361764,20,267.5999999999934,1740
442.93331006288923,20,267.79999999999336,1741
444.33165250398775,20,267.99999999999335,1742
444.48289877308633,20,268.19999999999334,1745
444.638857190087,20,268.3999999999933,1746
444.83092057918276,20,268.5999999999933,1747
444.9602793171997,20,268.7999999999933,1748
445.0959448496316,20,268.9999999999933,1749
445.73291370686485,20,269.1999999999933,1751
445.8797001197878,20,269.39999999999327,1752
446.0677804052979,20,269.59999999999326,1753
446.2587602210535,20,269.79999999999325,1754
446.8441165203698,20,269.99999999999324,1755
447.7813388364495,20,270.1999999999932,1758
447.96673130921187,20,270.3999999999932,1759
448.1000732203701,20,270.5999999999932,1760
448.2587192554463,20,270.7999999999932,1761
448.86624068684114,20,270.9999999999932,1762
449.04271410750965,20,271.19999999999317,1764
449.19913897598974,20,271.39999999999316,1765
449.3589692527,20,271.59999999999314,1766
449.52745305252586,20,271.79999999999313,1767
450.47305504651786,20,271.9999999999931,1768
451.07650162920214,20,272.1999999999931,1771
451.2379346783438,20,272.3999999999931,1772
451.4143694608626,20,272.5999999999931,1773
451.5455450856759,20,272.7999999999931,1774
452.11754084579,20,272.99999999999307,1775
452.34930097214,20,273.19999999999305,1777
452.50170268003615,20,273.39999999999304,1778
452.6535192341799,20,273.59999999999303,1779
452.8741976764575,20,273.799999999993,1780
452.9964877489881,20,273.999999999993,1781
454.3785773699555,20,274.199999999993,1784
454.5367702969673,20,274.399999999993,1785
454.6820835926544,20,274.599999999993,1786
454.9125140782952,20,274.79999999999296,1787
455.02926628252237,20,274.99999999999295,1788
455.5989473693432,20,275.19999999999294,1790
455.7813600538163,20,275.39999999999293,1791
455.90488207314735,20,275.5999999999929,1792
456.12008267412983,20,275.7999999999929,1793
456.70678314012633,20,275.9999999999929,1794
457.67733217625204,20,276.1999999999929,1797
457.81545947345194,20,276.3999999999929,1798
458.0007596072047,20,276.59999999999286,1799
458.15877372141864,20,276.79999999999285,1800
458.7433652708979,20,276.99999999999284,1801
458.92570562923726,20,277.1999999999928,1803
459.1183957594391,20,277.3999999999928,1804
459.26574741464145,20,277.5999999999928,1805
459.4211282972561,20,277.7999999999928,1806
459.62554644203425,20,277.9999999999928,1807
461.01748641147753,20,278.19999999999277,1810
461.18039429988744,20,278.39999999999276,1811
461.30755407978205,20,278.59999999999275,1812
461.51612062435623,20,278.79999999999274,1813
461.6487070837509,20,278.9999999999927,1814
462.29690872035263,20,279.1999999999927,1816
462.46733369679833,20,279.3999999999927,1817
462.6074555628724,20,279.5999999999927,1818
462.77105433143015,20,279.7999999999927,1819
463.6932935204955,20,279.99999999999267,1820
464.2816928830118,20,280.19999999999266,1823
464.4487140321469,20,280.39999999999264,1824
464.61928288669804,20,280.59999999999263,1825
464.75995153609347,20,280.7999999999926,1826
464.8970209548848,20,280.9999999999926,1827
465.54258029095394,20,281.1999999999926,1829
465.690894797489,20,281.3999999999926,1830
465.881907363396,20,281.5999999999926,1831
466.06216828197535,20,281.79999999999256,1832
466.2262679602347,20,281.99999999999255,1833
467.58014823211323,20,282.19999999999254,1836
467.7650096339504,20,282.39999999999253,1837
467.9131069441384,20,282.5999999999925,1838
468.0781541258839,20,282.7999999999925,1839
468.6758327057042,20,282.9999999999925,1840
468.8634988057138,20,283.1999999999925,1842
469.0003792253581,20,283.3999999999925,1843
469.16899305461453,20,283.59999999999246,1844
469.32756203403113,20,283.79999999999245,1845
470.7368080152023,20,283.99999999999244,1846
470.9241540703765,20,284.19999999999243,1849
471.0557853043135,20,284.3999999999924,1850
471.22545132428826,20,284.5999999999924,1851
471.3989751706221,20,284.7999999999924,1852
472.0305625210118,20,284.9999999999924,1853
472.18239517099823,20,285.1999999999924,1855
472.34439930767826,20,285.39999999999236,1856
472.52676969836756,20,285.59999999999235,1857
472.6958514381256,20,285.79999999999234,1858
473.60737383544864,20,285.9999999999923,1859
474.2354734709684,20,286.1999999999923,1862
474.3872776947529,20,286.3999999999923,1863
474.6025016863637,20,286.5999999999923,1864
474.75095677414964,20,286.7999999999923,1865
474.92201824692904,20,286.99999999999227,1866
475.5469184358288,20,287.19999999999226,1868
475.6570284969062,20,287.39999999999225,1869
475.80103032644786,20,287.59999999999224,1870
476.0045714376587,20,287.7999999999922,1871
476.93363613215314,20,287.9999999999922,1872
477.5680375298422,20,288.1999999999922,1875
477.7107773522263,20,288.3999999999922,1876
477.8925360623356,20,288.5999999999922,1877
478.07317710735373,20,288.79999999999217,1878
478.62744196546026,20,288.99999999999216,1879
478.82940914332266,20,289.19999999999214,1881
478.96199864628267,20,289.39999999999213,1882
479.13632254268026,20,289.5999999999921,1883
479.2624638161144,20,289.7999999999921,1884
479.47045860182527,20,289.9999999999921,1885
480.85009364410246,20,290.1999999999921,1888
480.9801199012553,20,290.3999999999921,1889
481.1700267296678,20,290.59999999999206,1890
481.3502131149445,20,290.79999999999205,1891
481.5097160443183,20,290.99999999999204,1892
482.0714762620955,20,291.19999999999203,1894
482.20430743109426,20,291.399999999992,1895
482.39280960815745,20,291.599999999992,1896
482.5564391999525,20,291.799999999992,1897
483.16530362511713,20,291.999999999992,1898
484.087681761356,20,292.199999999992,1901
484.2550822802033,20,292.39999999999196,1902
484.41587303449586,20,292.59999999999195,1903
484.6164732154665,20,292.79999999999194,1904
484.7842404792886,20,292.9999999999919,1905
485.3653294121517,20,293.1999999999919,1907
485.5667548108645,20,293.3999999999919,1908
485.75875875579106,20,293.5999999999919,1909
485.9087595989206,20,293.7999999999919,1910
486.5077899355251,20,293.99999999999187,1911
487.4683440726894,20,294.19999999999186,1914
487.6238702984707,20,294.39999999999185,1915
487.7868482689525,20,294.59999999999184,1916
487.9798784215907,20,294.7999999999918,1917
488.54208074889294,20,294.9999999999918,1918
488.7198705802386,20,295.1999999999918,1920
488.87475826582516,20,295.3999999999918,1921
489.0238411160083,20,295.5999999999918,1922
489.1577507117311,20,295.79999999999177,1923
490.5607511713481,20,295.99999999999176,1924
490.6944073287886,20,296.19999999999175,1927
490.87561522588163,20,296.39999999999173,1928
491.06832354886154,20,296.5999999999917,1929
491.1796958686001,20,296.7999999999917,1930
491.78569614207373,20,296.9999999999917,1931
492.00078376860654,20,297.1999999999917,1933
492.1570640366771,20,297.3999999999917,1934
492.33758516462086,20,297.59999999999167,1935
492.5211508363558,20,297.79999999999166,1936
492.6905849067991,20,297.99999999999164,1937
494.03450572486554,20,298.19999999999163,1940
494.2080769316735,20,298.3999999999916,1941
494.37669332264306,20,298.5999999999916,1942
494.5481168642001,20,298.7999999999916,1943
495.13200886341747,20,298.9999999999916,1944
495.2597138930079,20,299.1999999999916,1946
495.4880523067049,20,299.39999999999156,1947
495.6236661543316,20,299.59999999999155,1948
495.7747487346468,20,299.79999999999154,1949
495.9292096320674,20,299.99999999999153,1950
497.3209325299034,20,300.1999999999915,1953
497.49264346583254,20,300.3999999999915,1954
497.6495846991747,20,300.5999999999915,1955
497.88928052249986,20,300.7999999999915,1956
498.0120008953027,20,300.9999999999915,1957
498.6313420563565,20,301.19999999999146,1959
498.81200758349837,20,301.39999999999145,1960
498.9784061678969,20,301.59999999999144,1961
499.1637208312253,20,301.7999999999914,1962
