192.168.0.0 utilization summary 
0.05 
1.0 
1.0 
1.0 
0.95 
0.0 
0.98 
1.0 
1.0 
1.0 
0.02 
0.95 
1.0 
1.0 
1.0 
0.05 
0.99 
1.0 
1.0 
1.0 
0.04 
1.0 
1.0 
1.0 
0.97 
0.0 
1.0 
1.0 
1.0 
1.0 
0.0 
0.97 
1.0 
1.0 
1.0 
0.07 
1.0 
1.0 
1.0 
0.96 
0.05 
1.0 
1.0 
1.0 
0.95 
0.0 
0.89 
1.0 
1.0 
1.0 
0.11 
0.83 
1.0 
1.0 
1.0 
0.17 
0.74 
1.0 
1.0 
1.0 
0.26 
0.9 
1.0 
1.0 
1.0 
0.1 
0.82 
1.0 
1.0 
1.0 
0.18 
0.53 
1.0 
1.0 
1.0 
0.47 
0.44 
1.0 
1.0 
1.0 
0.56 
0.18 
1.0 
1.0 
1.0 
0.82 
0.01 
1.0 
1.0 
1.0 
0.99 
0.0 
0.99 
1.0 
1.0 
1.0 
0.02 
1.0 
1.0 
1.0 
