0.6915157796264012,20,0,1
1.6412732477009504,20,0.2,3
1.8181995357773093,20,0.4,4
1.9517711699882665,20,0.6000000000000001,5
2.089485943661763,20,0.8,6
2.540649913557609,20,1.0,8
2.662780174371633,20,1.2,9
2.8236652847988024,20,1.4,10
2.9620994597959416,20,1.5999999999999999,11
3.0682337068079013,20,1.7999999999999998,12
4.021034416539235,20,1.9999999999999998,13
4.160448945090016,20,2.1999999999999997,16
4.2823984125927685,20,2.4,17
4.407966595458269,20,2.6,18
4.540346716720155,20,2.8000000000000003,19
4.981754092821042,20,3.0000000000000004,21
5.132478711522136,20,3.2000000000000006,22
5.297348439634463,20,3.400000000000001,23
5.391956992995775,20,3.600000000000001,24
5.5493073630215255,20,3.800000000000001,25
6.231548349962209,20,4.000000000000001,28
6.701046889141938,20,4.200000000000001,29
6.800418070094034,20,4.400000000000001,30
6.935531503671914,20,4.600000000000001,31
7.08595289435074,20,4.800000000000002,32
7.521596403151204,20,5.000000000000002,34
7.653437845409389,20,5.200000000000002,35
7.793046930683749,20,5.400000000000002,36
7.968803725727781,20,5.600000000000002,37
8.10724324205106,20,5.8000000000000025,38
8.247719186844032,20,6.000000000000003,41
9.20921935843837,20,6.200000000000003,42
9.359011969149211,20,6.400000000000003,43
9.465691743555992,20,6.600000000000003,44
9.589238709045885,20,6.800000000000003,45
10.048286042258125,20,7.0000000000000036,47
10.153899796936493,20,7.200000000000004,48
10.307560558641494,20,7.400000000000004,49
10.455445709247462,20,7.600000000000004,50
10.598006306035069,20,7.800000000000004,51
10.732298082432942,20,8.000000000000004,54
11.662720925623322,20,8.200000000000003,55
11.759645834776812,20,8.400000000000002,56
11.883989842023622,20,8.600000000000001,57
12.039402184777378,20,8.8,58
12.496081823589414,20,9.0,60
12.61338931337422,20,9.2,61
12.728249303314033,20,9.399999999999999,62
12.88153169463234,20,9.599999999999998,63
13.051031038589308,20,9.799999999999997,64
13.200605510412414,20,9.999999999999996,65
14.15607702537997,20,10.199999999999996,68
14.27750538959244,20,10.399999999999995,69
14.432254748177698,20,10.599999999999994,70
14.545717148170283,20,10.799999999999994,71
14.975903827199492,20,10.999999999999993,72
15.164600215904269,20,11.199999999999992,74
15.279805605272305,20,11.399999999999991,75
15.418391109128795,20,11.59999999999999,76
15.580203837260898,20,11.79999999999999,77
15.992760506293909,20,11.99999999999999,78
16.695527111756906,20,12.199999999999989,81
16.847388337748995,20,12.399999999999988,82
16.97288695809643,20,12.599999999999987,83
17.06595954229103,20,12.799999999999986,84
17.52119776463276,20,12.999999999999986,85
17.66454064251935,20,13.199999999999985,87
17.782262724990076,20,13.399999999999984,88
17.90677492226909,20,13.599999999999984,89
18.05461935882987,20,13.799999999999983,90
19.026273013465147,20,13.999999999999982,91
19.16350839881376,20,14.199999999999982,94
19.27199936721299,20,14.39999999999998,95
19.44610423219898,20,14.59999999999998,96
19.601422363976205,20,14.79999999999998,97
19.761434341403298,20,14.999999999999979,98
20.168495183178578,20,15.199999999999978,100
20.26801043580575,20,15.399999999999977,101
20.420373733200663,20,15.599999999999977,102
20.544879492517534,20,15.799999999999976,103
21.47284488463626,20,15.999999999999975,104
21.604672508375753,20,16.199999999999974,107
21.746524999514858,20,16.399999999999974,108
21.87778003238304,20,16.599999999999973,109
22.04193650060135,20,16.799999999999972,110
22.491239074905096,20,16.99999999999997,111
22.614031183821368,20,17.19999999999997,113
22.767207365105847,20,17.39999999999997,114
22.88020198951681,20,17.59999999999997,115
23.050548801005167,20,17.79999999999997,116
23.978565991836355,20,17.999999999999968,117
24.110236050186792,20,18.199999999999967,120
24.247098410453948,20,18.399999999999967,121
24.390145775815554,20,18.599999999999966,122
24.566402274636964,20,18.799999999999965,123
24.998899768229187,20,18.999999999999964,124
25.105929692084526,20,19.199999999999964,126
25.311568439714488,20,19.399999999999963,127
25.432116367972377,20,19.599999999999962,128
25.580819521444546,20,19.79999999999996,129
25.725072887303266,20,19.99999999999996,130
26.65180585749804,20,20.19999999999996,133
26.802422802907195,20,20.39999999999996,134
26.952787421562284,20,20.59999999999996,135
27.063162376246485,20,20.799999999999958,136
27.19040921668146,20,20.999999999999957,137
27.654503947365654,20,21.199999999999957,139
27.77195235028008,20,21.399999999999956,140
27.918683364678156,20,21.599999999999955,141
28.025742327862904,20,21.799999999999955,142
28.968727446848984,20,21.999999999999954,143
29.11658066815556,20,22.199999999999953,146
29.231166522348236,20,22.399999999999952,147
29.39403499499664,20,22.59999999999995,148
29.512280428153453,20,22.79999999999995,149
29.68058340047692,20,22.99999999999995,150
30.1129612502538,20,23.19999999999995,152
30.24395443353377,20,23.39999999999995,153
30.383633387261902,20,23.599999999999948,154
30.56012369396656,20,23.799999999999947,155
30.68108954660691,20,23.999999999999947,156
31.625476049086824,20,24.199999999999946,159
31.761414441194876,20,24.399999999999945,160
31.92021715369021,20,24.599999999999945,161
32.05563419224878,20,24.799999999999944,162
32.46809115189371,20,24.999999999999943,163
32.64103435671809,20,25.199999999999942,165
32.79031048445897,20,25.39999999999994,166
32.931822840637075,20,25.59999999999994,167
33.09222754223399,20,25.79999999999994,168
34.01352779001958,20,25.99999999999994,169
34.13038452616224,20,26.19999999999994,172
34.275076424517465,20,26.399999999999938,173
34.4081343217118,20,26.599999999999937,174
34.56662110276347,20,26.799999999999937,175
35.004670260066305,20,26.999999999999936,176
35.15205462082059,20,27.199999999999935,178
35.33023065063921,20,27.399999999999935,179
35.47407538051483,20,27.599999999999934,180
35.57675208332188,20,27.799999999999933,181
36.54961066123159,20,27.999999999999932,182
36.689834190908165,20,28.199999999999932,185
36.780619617233434,20,28.39999999999993,186
36.96731057720026,20,28.59999999999993,187
37.129363822658185,20,28.79999999999993,188
37.57777177447353,20,28.99999999999993,189
37.724779820296824,20,29.19999999999993,191
37.85850063213267,20,29.399999999999928,192
37.971655638325,20,29.599999999999927,193
38.099158196221424,20,29.799999999999926,194
39.043650037262395,20,29.999999999999925,195
39.16703341437588,20,30.199999999999925,198
39.280145242369734,20,30.399999999999924,199
39.3835777386541,20,30.599999999999923,200
39.558159142196665,20,30.799999999999923,201
39.68943833990858,20,30.999999999999922,202
40.10343206662348,20,31.19999999999992,204
40.24717692875083,20,31.39999999999992,205
40.39249290055024,20,31.59999999999992,206
40.57272781758386,20,31.79999999999992,207
41.21563911939647,20,31.99999999999992,208
41.65158131771339,20,32.19999999999992,211
41.776374528371456,20,32.39999999999992,212
41.92547040511263,20,32.59999999999992,213
42.09153636809909,20,32.799999999999926,214
42.53063355729105,20,32.99999999999993,215
42.65624217129973,20,33.19999999999993,217
42.79361897995671,20,33.399999999999935,218
42.93841057204582,20,33.59999999999994,219
43.068338885288775,20,33.79999999999994,220
43.21368009283709,20,33.99999999999994,221
44.114986367669474,20,34.199999999999946,224
44.30139408911944,20,34.39999999999995,225
44.42310826673768,20,34.59999999999995,226
44.60685353988561,20,34.799999999999955,227
44.752577814865425,20,34.99999999999996,228
45.15230614301403,20,35.19999999999996,230
45.291374378880846,20,35.39999999999996,231
45.42871665848976,20,35.599999999999966,232
45.59972508515796,20,35.79999999999997,233
45.76385852108303,20,35.99999999999997,234
46.69720017027191,20,36.199999999999974,237
46.83295167357468,20,36.39999999999998,238
46.977761669841364,20,36.59999999999998,239
47.075292785374685,20,36.79999999999998,240
47.2391475044758,20,36.999999999999986,241
47.67250525836824,20,37.19999999999999,243
47.82273758188745,20,37.39999999999999,244
47.95099967547041,20,37.599999999999994,245
48.12112242096881,20,37.8,246
48.24483649135309,20,38.0,249
49.17935681345838,20,38.2,250
49.3253256081458,20,38.400000000000006,251
49.462435605168004,20,38.60000000000001,252
49.59906382337644,20,38.80000000000001,253
49.75845419569102,20,39.000000000000014,255
50.22774760544001,20,39.20000000000002,256
50.369811571838504,20,39.40000000000002,257
50.530654178606945,20,39.60000000000002,258
50.64845088370179,20,39.800000000000026,259
51.06953082858911,20,40.00000000000003,262
51.669090742925015,20,40.20000000000003,263
51.849511944289866,20,40.400000000000034,264
51.961673745247616,20,40.60000000000004,265
52.15182717510315,20,40.80000000000004,266
52.571571774077746,20,41.00000000000004,268
52.74191352358835,20,41.200000000000045,269
52.880856926999186,20,41.40000000000005,270
53.017457885076475,20,41.60000000000005,271
53.13371538136002,20,41.800000000000054,272
53.769579397681426,20,42.00000000000006,275
54.19073394650315,20,42.20000000000006,276
54.31402829695459,20,42.40000000000006,277
54.48344485694453,20,42.600000000000065,278
54.62330849981506,20,42.80000000000007,279
55.06455229096081,20,43.00000000000007,281
55.17392608468324,20,43.200000000000074,282
55.31103695607672,20,43.40000000000008,283
55.468032412072816,20,43.60000000000008,284
55.57421930222647,20,43.80000000000008,285
55.71821993054998,20,44.000000000000085,288
56.62863584860874,20,44.20000000000009,289
56.77104136786936,20,44.40000000000009,290
56.89694042068528,20,44.600000000000094,291
57.0160306949213,20,44.8000000000001,292
57.49549088870664,20,45.0000000000001,294
57.65377020181235,20,45.2000000000001,295
57.75506299639584,20,45.400000000000105,296
57.90100879531033,20,45.60000000000011,297
58.05171845771479,20,45.80000000000011,298
59.00975035692417,20,46.000000000000114,301
59.14655235863775,20,46.20000000000012,302
59.31365682666997,20,46.40000000000012,303
59.439432918516566,20,46.60000000000012,304
59.581115831467095,20,46.800000000000125,305
59.70593040111965,20,47.00000000000013,307
60.13980277150709,20,47.20000000000013,308
60.27400438297654,20,47.400000000000134,309
60.438706805530174,20,47.600000000000136,310
60.56038411916306,20,47.80000000000014,311
61.23172414601861,20,48.00000000000014,314
61.63845705207751,20,48.200000000000145,315
61.761907172216276,20,48.40000000000015,316
61.92375696130738,20,48.60000000000015,317
62.065231030800916,20,48.80000000000015,318
62.524004377471606,20,49.000000000000156,320
62.66946755695276,20,49.20000000000016,321
62.79433171350845,20,49.40000000000016,322
62.92514929425543,20,49.600000000000165,323
63.05744138335549,20,49.80000000000017,324
64.01230009045608,20,50.00000000000017,327
64.16344757714391,20,50.20000000000017,328
64.29972245249373,20,50.400000000000176,329
64.45308171191982,20,50.60000000000018,330
64.62129458342575,20,50.80000000000018,331
65.01688277655322,20,51.000000000000185,333
65.1789262467176,20,51.20000000000019,334
65.3121401978178,20,51.40000000000019,335
65.44735611683925,20,51.60000000000019,336
65.58604566422903,20,51.800000000000196,337
66.54456837848504,20,52.0000000000002,340
66.71090284552098,20,52.2000000000002,341
66.83851832368858,20,52.400000000000205,342
66.96412166260434,20,52.60000000000021,343
67.13236779886962,20,52.80000000000021,344
67.23334255332067,20,53.00000000000021,346
67.7513188506851,20,53.200000000000216,347
67.84975320721621,20,53.40000000000022,348
67.99709355641495,20,53.60000000000022,349
68.1507229201427,20,53.800000000000225,350
68.27765396634341,20,54.00000000000023,353
69.23620008822675,20,54.20000000000023,354
69.38282217716869,20,54.40000000000023,355
69.51890255016453,20,54.600000000000236,356
69.662931021615,20,54.80000000000024,357
69.78668790732442,20,55.00000000000024,359
70.2388476771169,20,55.200000000000244,360
70.35069576965722,20,55.40000000000025,361
70.52319700567642,20,55.60000000000025,362
70.63964505438287,20,55.80000000000025,363
70.80665111147013,20,56.000000000000256,366
71.70259511079438,20,56.20000000000026,367
71.85459787793428,20,56.40000000000026,368
72.03557522216599,20,56.600000000000264,369
72.12754901161222,20,56.80000000000027,370
72.35194048367181,20,57.00000000000027,372
72.76860070987058,20,57.20000000000027,373
72.91631021021533,20,57.400000000000276,374
73.03769038970457,20,57.60000000000028,375
73.17477903800305,20,57.80000000000028,376
73.81539267056728,20,58.000000000000284,379
74.22933848265545,20,58.20000000000029,380
74.32181682324769,20,58.40000000000029,381
74.50858733253777,20,58.60000000000029,382
74.6482164519741,20,58.800000000000296,383
74.76921674678765,20,59.0000000000003,385
75.19141078422962,20,59.2000000000003,386
75.3222398746308,20,59.400000000000304,387
75.49163511410818,20,59.60000000000031,388
75.61496956291825,20,59.80000000000031,389
76.251410503639,20,60.00000000000031,392
76.71374058651585,20,60.200000000000315,393
76.83962214947901,20,60.40000000000032,394
76.95149871381253,20,60.60000000000032,395
77.09606002730665,20,60.800000000000324,396
77.57080519529846,20,61.00000000000033,398
77.67857959368439,20,61.20000000000033,399
77.85742828526084,20,61.40000000000033,400
77.9861260745522,20,61.600000000000335,401
78.10121558496391,20,61.80000000000034,402
79.04486280753191,20,62.00000000000034,405
79.19669906676081,20,62.200000000000344,406
79.31111492910729,20,62.40000000000035,407
79.47191068446052,20,62.60000000000035,408
79.57849319423664,20,62.80000000000035,409
80.04738850318286,20,63.000000000000355,411
80.1831137559513,20,63.20000000000036,412
80.30403748052309,20,63.40000000000036,413
80.42471384407258,20,63.600000000000364,414
80.54414123606766,20,63.80000000000037,415
81.4612601936207,20,64.00000000000037,418
81.6263915154377,20,64.20000000000037,419
81.74329531304917,20,64.40000000000038,420
81.90851477248812,20,64.60000000000038,421
82.06204789427063,20,64.80000000000038,422
82.51319464146815,20,65.00000000000038,424
82.62510511771579,20,65.20000000000039,425
82.76648375606416,20,65.40000000000039,426
82.91570731943779,20,65.60000000000039,427
83.05696113370863,20,65.8000000000004,428
83.70964185045788,20,66.0000000000004,431
84.15279194412764,20,66.2000000000004,432
84.33862338937963,20,66.4000000000004,433
84.46502728426404,20,66.6000000000004,434
84.56487654927965,20,66.80000000000041,435
84.73377269406639,20,67.00000000000041,437
85.1937943833718,20,67.20000000000041,438
85.29913918333462,20,67.40000000000042,439
85.47549336313824,20,67.60000000000042,440
85.56335599972446,20,67.80000000000042,441
85.72278301535177,20,68.00000000000043,444
86.66203387506728,20,68.20000000000043,445
86.76128904585794,20,68.40000000000043,446
86.94347612255218,20,68.60000000000043,447
87.10775997247846,20,68.80000000000044,448
87.23396911230299,20,69.00000000000044,450
87.69541086738282,20,69.20000000000044,451
87.83351260207606,20,69.40000000000045,452
87.96963422477872,20,69.60000000000045,453
88.06795705596977,20,69.80000000000045,454
89.02610819471202,20,70.00000000000045,457
89.17168956369864,20,70.20000000000046,458
89.29603143575184,20,70.40000000000046,459
89.4022656765883,20,70.60000000000046,460
89.6035361188953,20,70.80000000000047,461
89.7776633330602,20,71.00000000000047,463
90.1976801460109,20,71.20000000000047,464
90.35573261866435,20,71.40000000000047,465
90.49953634656319,20,71.60000000000048,466
90.635551367424,20,71.80000000000048,467
90.79036769831372,20,72.00000000000048,470
91.71271919868842,20,72.20000000000049,471
91.86657317048565,20,72.40000000000049,472
91.97709325947163,20,72.60000000000049,473
92.14438952818031,20,72.8000000000005,474
92.61047558429487,20,73.0000000000005,476
92.71267975425383,20,73.2000000000005,477
92.87818679800979,20,73.4000000000005,478
93.01402682725528,20,73.6000000000005,479
93.17325799661181,20,73.80000000000051,480
94.08765267677582,20,74.00000000000051,483
94.21106855244892,20,74.20000000000051,484
94.39822175864366,20,74.40000000000052,485
94.51417573097592,20,74.60000000000052,486
94.65729934497556,20,74.80000000000052,487
95.10377263882728,20,75.00000000000053,489
95.23275373105037,20,75.20000000000053,490
95.37439948600057,20,75.40000000000053,491
95.49008857769908,20,75.60000000000053,492
95.66740121464274,20,75.80000000000054,493
96.58322238958324,20,76.00000000000054,496
96.73285615813748,20,76.20000000000054,497
96.8579728135254,20,76.40000000000055,498
97.01278105176672,20,76.60000000000055,499
97.1563545856445,20,76.80000000000055,500
97.27040128163412,20,77.00000000000055,502
97.72839953241834,20,77.20000000000056,503
97.82314015520394,20,77.40000000000056,504
97.95854116152974,20,77.60000000000056,505
98.118138677787,20,77.80000000000057,506
98.25674405001902,20,78.00000000000057,509
99.17154139214132,20,78.20000000000057,510
99.29300338024639,20,78.40000000000057,511
99.41563255562393,20,78.60000000000058,512
99.60164466435491,20,78.80000000000058,513
99.74646941978256,20,79.00000000000058,515
100.1982250004756,20,79.20000000000059,516
100.35861659342528,20,79.40000000000059,517
100.50640828454287,20,79.60000000000059,518
100.62191701353439,20,79.8000000000006,519
101.30388403095984,20,80.0000000000006,522
101.75574505578746,20,80.2000000000006,523
101.88679308227289,20,80.4000000000006,524
102.02579639821526,20,80.6000000000006,525
102.14590809522598,20,80.80000000000061,526
102.32234884596271,20,81.00000000000061,528
102.73976413191879,20,81.20000000000061,529
102.88936933584877,20,81.40000000000062,530
103.02543324634021,20,81.60000000000062,531
103.18987593634166,20,81.80000000000062,532
103.32183004066135,20,82.00000000000063,535
104.2365553426146,20,82.20000000000063,536
104.35384612737906,20,82.40000000000063,537
104.48392202627818,20,82.60000000000063,538
104.60834777048596,20,82.80000000000064,539
104.76540738655191,20,83.00000000000064,541
105.19412838272127,20,83.20000000000064,542
105.35150580310386,20,83.40000000000065,543
105.51681216426005,20,83.60000000000065,544
105.61671862144021,20,83.80000000000065,545
105.79850927416805,20,84.00000000000065,548
106.69458041731204,20,84.20000000000066,549
106.82170827317742,20,84.40000000000066,550
107.01482886839612,20,84.60000000000066,551
107.14507180489215,20,84.80000000000067,552
107.54111045383279,20,85.00000000000067,554
107.72047821153546,20,85.20000000000067,555
107.8184029970673,20,85.40000000000067,556
107.95888500395333,20,85.60000000000068,557
108.1336778963554,20,85.80000000000068,558
108.24779988199839,20,86.00000000000068,561
109.1655916665119,20,86.20000000000068,562
109.34952340337408,20,86.40000000000069,563
109.4483881994262,20,86.60000000000069,564
109.62101769334383,20,86.8000000000007,565
110.09045855896603,20,87.0000000000007,567
110.22796348898808,20,87.2000000000007,568
110.3863056804495,20,87.4000000000007,569
110.49937873321848,20,87.6000000000007,570
110.63776713994926,20,87.80000000000071,571
111.55680348156831,20,88.00000000000071,574
111.69782576943274,20,88.20000000000071,575
111.83320876804684,20,88.40000000000072,576
111.94889796998622,20,88.60000000000072,577
112.1194875343067,20,88.80000000000072,578
112.23128782130192,20,89.00000000000072,580
112.71000059330034,20,89.20000000000073,581
112.85055939534745,20,89.40000000000073,582
112.99799949310854,20,89.60000000000073,583
113.1241781516907,20,89.80000000000074,584
113.58407697889582,20,90.00000000000074,587
114.16616443554983,20,90.20000000000074,588
114.32885340860697,20,90.40000000000074,589
114.49489562542206,20,90.60000000000075,590
114.62352963130498,20,90.80000000000075,591
114.76156168432965,20,91.00000000000075,593
115.17312220144066,20,91.20000000000076,594
115.34347378192614,20,91.40000000000076,595
115.45867817315722,20,91.60000000000076,596
115.60592887001698,20,91.80000000000076,597
116.20730922588181,20,92.00000000000077,600
116.61394451635805,20,92.20000000000077,601
116.73201685100501,20,92.40000000000077,602
116.87071384164253,20,92.60000000000078,603
116.99971709845539,20,92.80000000000078,604
117.14721656561585,20,93.00000000000078,606
117.57719174338007,20,93.20000000000078,607
117.7152780700015,20,93.40000000000079,608
117.86599537396401,20,93.60000000000079,609
117.99223330511097,20,93.8000000000008,610
118.12670685719154,20,94.0000000000008,613
119.0752364593736,20,94.2000000000008,614
119.23114172957341,20,94.4000000000008,615
119.38372097668694,20,94.6000000000008,616
119.52309976964298,20,94.80000000000081,617
119.98431804349474,20,95.00000000000081,619
120.11253694235893,20,95.20000000000081,620
120.25650936422282,20,95.40000000000082,621
120.40510578919177,20,95.60000000000082,622
120.54321584907235,20,95.80000000000082,623
120.68284128448785,20,96.00000000000082,626
121.61173377049374,20,96.20000000000083,627
121.74842825665948,20,96.40000000000083,628
121.88662088329009,20,96.60000000000083,629
122.01337474280362,20,96.80000000000084,630
122.44612296492939,20,97.00000000000084,632
122.60778682410243,20,97.20000000000084,633
122.72348137174022,20,97.40000000000084,634
122.85230418019107,20,97.60000000000085,635
123.01295384967726,20,97.80000000000085,636
123.1806115350779,20,98.00000000000085,639
124.09589109227255,20,98.20000000000086,640
124.23976368450046,20,98.40000000000086,641
124.39359533725414,20,98.60000000000086,642
124.54317278314436,20,98.80000000000086,643
124.68652554114269,20,99.00000000000087,645
125.139142052662,20,99.20000000000087,646
125.29848498186104,20,99.40000000000087,647
125.43100845479725,20,99.60000000000088,648
125.5542931171133,20,99.80000000000088,649
126.01032587114587,20,100.00000000000088,652
126.64043458057596,20,100.20000000000088,653
126.79886549915165,20,100.40000000000089,654
126.91855482621004,20,100.60000000000089,655
127.09385472439067,20,100.80000000000089,656
127.48843400347576,20,101.0000000000009,658
127.65463376229648,20,101.2000000000009,659
127.76939364849629,20,101.4000000000009,660
127.89057518275735,20,101.6000000000009,661
128.05073065114374,20,101.8000000000009,662
128.710903243812,20,102.00000000000091,665
129.13091314686574,20,102.20000000000091,666
129.2550675301306,20,102.40000000000092,667
129.3942083805052,20,102.60000000000092,668
129.53705723087873,20,102.80000000000092,669
129.6929027556492,20,103.00000000000092,671
130.12080547906564,20,103.20000000000093,672
130.2919159268769,20,103.40000000000093,673
130.40339180798182,20,103.60000000000093,674
130.53979133478472,20,103.80000000000094,675
130.64637649372267,20,104.00000000000094,678
131.62343208373989,20,104.20000000000094,679
131.7809283121733,20,104.40000000000094,680
131.95568826574382,20,104.60000000000095,681
132.07160581517752,20,104.80000000000095,682
132.49236848927535,20,105.00000000000095,684
132.68468461839043,20,105.20000000000095,685
132.79497452705857,20,105.40000000000096,686
132.934519011636,20,105.60000000000096,687
133.05876217101962,20,105.80000000000096,688
133.25099564256493,20,106.00000000000097,691
134.21426171392372,20,106.20000000000097,692
134.33602777573657,20,106.40000000000097,693
134.47425556497728,20,106.60000000000097,694
134.60470415877157,20,106.80000000000098,695
135.1035023518619,20,107.00000000000098,697
135.22063695957434,20,107.20000000000098,698
135.4134284163193,20,107.40000000000099,699
135.53809954967411,20,107.60000000000099,700
135.65349123779876,20,107.80000000000099,701
135.77965658543462,20,108.000000000001,704
136.76229485312413,20,108.200000000001,705
136.90661383807705,20,108.400000000001,706
137.050839624185,20,108.600000000001,707
137.16780960052105,20,108.800000000001,708
137.60867109235286,20,109.00000000000101,710
137.74050316194413,20,109.20000000000101,711
137.90962443531285,20,109.40000000000101,712
138.0076773065219,20,109.60000000000102,713
138.20494460478682,20,109.80000000000102,714
138.66514084166755,20,110.00000000000102,717
139.288218350957,20,110.20000000000103,718
139.40493784422307,20,110.40000000000103,719
139.53823320773338,20,110.60000000000103,720
139.70341138061394,20,110.80000000000103,721
140.13590343531243,20,111.00000000000104,723
140.24864233953687,20,111.20000000000104,724
140.40099655988772,20,111.40000000000104,725
140.54733135836048,20,111.60000000000105,726
140.72779821835766,20,111.80000000000105,727
141.61876057973495,20,112.00000000000105,730
141.75493108617493,20,112.20000000000105,731
141.89164999957592,20,112.40000000000106,732
142.05614681962237,20,112.60000000000106,733
142.19360101525695,20,112.80000000000106,734
142.31143156521574,20,113.00000000000107,736
142.79614566265684,20,113.20000000000107,737
142.93693629122882,20,113.40000000000107,738
143.04642637515445,20,113.60000000000107,739
143.22668619921714,20,113.80000000000108,740
144.1824389196672,20,114.00000000000108,743
144.28342102976234,20,114.20000000000108,744
144.4441930779802,20,114.40000000000109,745
144.58563083275948,20,114.60000000000109,746
144.71444295744305,20,114.80000000000109,747
145.1063396064652,20,115.0000000000011,749
145.2479564336039,20,115.2000000000011,750
145.38938128468737,20,115.4000000000011,751
145.5157983242426,20,115.6000000000011,752
145.70295071901813,20,115.8000000000011,753
145.81215139549707,20,116.00000000000111,756
146.7643907951948,20,116.20000000000111,757
146.89654812453347,20,116.40000000000111,758
147.0517658598641,20,116.60000000000112,759
147.20071730377683,20,116.80000000000112,760
147.68029981534949,20,117.00000000000112,762
147.79596354566422,20,117.20000000000113,763
147.9364741613119,20,117.40000000000113,764
148.06984278819505,20,117.60000000000113,765
148.19253779752552,20,117.80000000000113,766
148.62734808387663,20,118.00000000000114,769
149.28124301107076,20,118.20000000000114,770
149.41150962396884,20,118.40000000000114,771
149.55103778096657,20,118.60000000000115,772
149.67001529641473,20,118.80000000000115,773
149.78981268938514,20,119.00000000000115,775
150.28134726695615,20,119.20000000000115,776
150.41118752239802,20,119.40000000000116,777
150.55188935090538,20,119.60000000000116,778
150.65284021473852,20,119.80000000000116,779
150.830403091782,20,120.00000000000117,782
151.77694027070905,20,120.20000000000117,783
151.938948037952,20,120.40000000000117,784
152.0724744534426,20,120.60000000000117,785
152.19224082328705,20,120.80000000000118,786
152.64568961912116,20,121.00000000000118,788
152.761977096509,20,121.20000000000118,789
152.9050377346172,20,121.40000000000119,790
153.05288406826642,20,121.60000000000119,791
153.22401816911298,20,121.80000000000119,792
153.64272415821728,20,122.0000000000012,795
154.24340561942986,20,122.2000000000012,796
154.3901597274225,20,122.4000000000012,797
154.53636000330604,20,122.6000000000012,798
154.67587093324198,20,122.8000000000012,799
155.0966528643108,20,123.00000000000121,801
155.22268092470995,20,123.20000000000121,802
155.39089637379712,20,123.40000000000121,803
155.55781767578065,20,123.60000000000122,804
155.68407701781692,20,123.80000000000122,805
156.08041720333384,20,124.00000000000122,808
156.7011688244019,20,124.20000000000122,809
156.81674992287086,20,124.40000000000123,810
156.964467955304,20,124.60000000000123,811
157.1297644125248,20,124.80000000000123,812
157.2700820415567,20,125.00000000000124,814
157.72524098909034,20,125.20000000000124,815
157.84877193108454,20,125.40000000000124,816
157.95611355963086,20,125.60000000000124,817
158.13826305679046,20,125.80000000000125,818
158.2452141944092,20,126.00000000000125,821
159.20504023995437,20,126.20000000000125,822
159.3378155923036,20,126.40000000000126,823
159.49964742227425,20,126.60000000000126,824
159.64803457785786,20,126.80000000000126,825
160.1043108726973,20,127.00000000000126,827
160.24278437924764,20,127.20000000000127,828
160.37477300261457,20,127.40000000000127,829
160.55444158436276,20,127.60000000000127,830
160.68129795900785,20,127.80000000000128,831
160.79054786766702,20,128.00000000000128,834
161.78225040874608,20,128.20000000000127,835
161.88509256011187,20,128.40000000000126,836
161.99949711155008,20,128.60000000000124,837
162.16527162075994,20,128.80000000000123,838
162.32981599098378,20,129.00000000000122,840
162.75857587075262,20,129.2000000000012,841
162.91039852723844,20,129.4000000000012,842
163.04744612926984,20,129.6000000000012,843
163.19698563523164,20,129.80000000000118,844
163.8823794833403,20,130.00000000000117,847
164.26103673969686,20,130.20000000000115,848
164.40210717432183,20,130.40000000000114,849
164.51221865237025,20,130.60000000000113,850
164.66749359230678,20,130.80000000000112,851
164.82999216180784,20,131.0000000000011,853
165.28938498946985,20,131.2000000000011,854
165.40811168589272,20,131.40000000000109,855
165.53230690075634,20,131.60000000000107,856
165.7045807783652,20,131.80000000000106,857
166.27763392300395,20,132.00000000000105,860
166.73608741908,20,132.20000000000104,861
166.87886759907505,20,132.40000000000103,862
167.02190978632584,20,132.60000000000102,863
167.20938042904234,20,132.800000000001,864
167.62338817130123,20,133.000000000001,866
167.7547168352626,20,133.20000000000098,867
167.88489290176284,20,133.40000000000097,868
168.02951801739815,20,133.60000000000096,869
168.19418721992218,20,133.80000000000095,870
168.31310404541932,20,134.00000000000094,873
169.26509837325108,20,134.20000000000093,874
169.43965560089418,20,134.40000000000092,875
169.56780473053985,20,134.6000000000009,876
169.72917444593318,20,134.8000000000009,877
170.17020464489508,20,135.00000000000088,879
170.31119281152291,20,135.20000000000087,880
170.42116843368282,20,135.40000000000086,881
170.60557354807193,20,135.60000000000085,882
170.74044903349457,20,135.80000000000084,883
171.39217279063882,20,136.00000000000082,886
171.83803822174846,20,136.2000000000008,887
171.98415474653976,20,136.4000000000008,888
172.1047215854725,20,136.6000000000008,889
172.2036233607787,20,136.80000000000078,890
172.6592859021822,20,137.00000000000077,892
172.82934138936307,20,137.20000000000076,893
172.9401517108247,20,137.40000000000074,894
173.0914434850712,20,137.60000000000073,895
173.21761466667533,20,137.80000000000072,896
173.32512432949585,20,138.0000000000007,899
174.24249982303505,20,138.2000000000007,900
174.38320563702214,20,138.4000000000007,901
174.54966423320423,20,138.60000000000068,902
174.6860858619944,20,138.80000000000067,903
175.12617373334086,20,139.00000000000065,905
175.29593620105464,20,139.20000000000064,906
175.4939888636049,20,139.40000000000063,907
175.5946096397756,20,139.60000000000062,908
175.70091875577927,20,139.8000000000006,909
175.8457443818217,20,140.0000000000006,912
176.80843295441593,20,140.20000000000059,913
176.93693640915427,20,140.40000000000057,914
177.0696189443122,20,140.60000000000056,915
177.21245766467118,20,140.80000000000055,916
177.61422262489532,20,141.00000000000054,918
177.74916763375293,20,141.20000000000053,919
177.91261804020263,20,141.40000000000052,920
178.03841575963324,20,141.6000000000005,921
178.1610732877931,20,141.8000000000005,922
178.27906560790723,20,142.00000000000048,925
179.26022483013597,20,142.20000000000047,926
179.3693739396387,20,142.40000000000046,927
179.52518101493862,20,142.60000000000045,928
179.69342933807127,20,142.80000000000044,929
180.09040878437733,20,143.00000000000043,931
180.21862240317054,20,143.20000000000041,932
180.37615338481953,20,143.4000000000004,933
180.4912437789948,20,143.6000000000004,934
180.6568681982954,20,143.80000000000038,935
181.0697293842972,20,144.00000000000037,938
181.71291202563683,20,144.20000000000036,939
181.82103543453636,20,144.40000000000035,940
181.95687476200376,20,144.60000000000034,941
182.10224641998076,20,144.80000000000032,942
182.2643847049584,20,145.0000000000003,944
182.69949094396515,20,145.2000000000003,945
182.8357765682463,20,145.4000000000003,946
182.93620304051635,20,145.60000000000028,947
183.11707950209905,20,145.80000000000027,948
184.0711400892148,20,146.00000000000026,951
184.20061570515685,20,146.20000000000024,952
184.3285338358588,20,146.40000000000023,953
184.51221667882186,20,146.60000000000022,954
184.64286796494545,20,146.8000000000002,955
185.06829032560995,20,147.0000000000002,957
185.19150922404623,20,147.2000000000002,958
185.34332212032115,20,147.40000000000018,959
185.5219111189462,20,147.60000000000016,960
185.64922668032477,20,147.80000000000015,961
186.58063342003675,20,148.00000000000014,964
186.72442335287442,20,148.20000000000013,965
186.86481476887008,20,148.40000000000012,966
187.04318612813742,20,148.6000000000001,967
187.17053866332236,20,148.8000000000001,968
187.3479213661811,20,149.00000000000009,970
187.73891890027957,20,149.20000000000007,971
187.86531320703563,20,149.40000000000006,972
188.03437971599797,20,149.60000000000005,973
188.15700499503507,20,149.80000000000004,974
188.3015157439033,20,150.00000000000003,977
189.23389960057997,20,150.20000000000002,978
189.35990336157118,20,150.4,979
189.50022712453364,20,150.6,980
189.6596479023338,20,150.79999999999998,981
189.77343904606357,20,150.99999999999997,982
190.23241986922307,20,151.19999999999996,984
190.37132153467613,20,151.39999999999995,985
190.5059118225022,20,151.59999999999994,986
190.6097273444402,20,151.79999999999993,987
190.7788927323048,20,151.99999999999991,988
191.68837116700047,20,152.1999999999999,991
191.82683928963164,20,152.3999999999999,992
191.9546352321639,20,152.59999999999988,993
192.10529907532253,20,152.79999999999987,994
192.24762978591548,20,152.99999999999986,995
192.70885674428996,20,153.19999999999985,997
192.87657228163846,20,153.39999999999984,998
192.97982681253993,20,153.59999999999982,999
193.12268189772206,20,153.7999999999998,1000
194.0535630253991,20,153.9999999999998,1001
194.22040584797787,20,154.1999999999998,1004
194.3595217501755,20,154.39999999999978,1005
194.50206921310553,20,154.59999999999977,1006
194.6491145794383,20,154.79999999999976,1007
194.78456643710078,20,154.99999999999974,1008
195.20857105017436,20,155.19999999999973,1010
195.3412974481075,20,155.39999999999972,1011
195.49297729222755,20,155.5999999999997,1012
195.64806890549326,20,155.7999999999997,1013
195.79067047185416,20,155.9999999999997,1014
196.76170209868138,20,156.19999999999968,1017
196.8868837848991,20,156.39999999999966,1018
197.00500048171463,20,156.59999999999965,1019
197.1559304530284,20,156.79999999999964,1020
197.27873029079825,20,156.99999999999963,1021
197.72529046347069,20,157.19999999999962,1023
197.8352866511174,20,157.3999999999996,1024
198.0151295304233,20,157.5999999999996,1025
198.14855951034562,20,157.79999999999959,1026
199.07491098870574,20,157.99999999999957,1027
199.23318992435256,20,158.19999999999956,1030
199.3555709747892,20,158.39999999999955,1031
199.47914451018843,20,158.59999999999954,1032
199.6080900469344,20,158.79999999999953,1033
200.11607305458767,20,158.99999999999952,1034
200.2842075293859,20,159.1999999999995,1036
200.39995810220495,20,159.3999999999995,1037
200.55368357658375,20,159.59999999999948,1038
200.68322031219392,20,159.79999999999947,1039
201.65152798212955,20,159.99999999999946,1040
201.8168972999593,20,160.19999999999945,1043
201.9509408132862,20,160.39999999999944,1044
202.07621324374884,20,160.59999999999943,1045
202.18358094279117,20,160.79999999999941,1046
202.3397766888667,20,160.9999999999994,1047
202.8151134819178,20,161.1999999999994,1049
202.92687250777487,20,161.39999999999938,1050
203.0708017663316,20,161.59999999999937,1051
203.1920389482723,20,161.79999999999936,1052
203.36541514479595,20,161.99999999999935,1053
204.29653876090626,20,162.19999999999933,1056
204.42740495134066,20,162.39999999999932,1057
204.54778113821644,20,162.5999999999993,1058
204.70414078427862,20,162.7999999999993,1059
205.17894403639662,20,162.9999999999993,1060
205.2990605222707,20,163.19999999999928,1062
205.41909564529442,20,163.39999999999927,1063
205.55680873545708,20,163.59999999999926,1064
205.71402965869984,20,163.79999999999924,1065
206.13513611044112,20,163.99999999999923,1066
206.79804133790108,20,164.19999999999922,1069
206.9256294706789,20,164.3999999999992,1070
207.03338131581108,20,164.5999999999992,1071
207.17822580122206,20,164.7999999999992,1072
207.61819374771886,20,164.99999999999918,1073
207.75849723199704,20,165.19999999999916,1075
207.918985028027,20,165.39999999999915,1076
208.01686171517534,20,165.59999999999914,1077
208.15821750242168,20,165.79999999999913,1078
208.34919773263704,20,165.99999999999912,1079
209.25540228101906,20,166.1999999999991,1082
209.42304470242212,20,166.3999999999991,1083
209.53585523245556,20,166.59999999999908,1084
209.68990866678018,20,166.79999999999907,1085
209.82583330949595,20,166.99999999999906,1086
210.2357474270849,20,167.19999999999905,1088
210.3803238290932,20,167.39999999999904,1089
210.52149404870826,20,167.59999999999903,1090
210.6489557102349,20,167.79999999999902,1091
211.61719141149888,20,167.999999999999,1092
211.73853295633825,20,168.199999999999,1095
211.8488433530822,20,168.39999999999898,1096
211.99667789095304,20,168.59999999999897,1097
212.1242898860457,20,168.79999999999896,1098
212.52313281276923,20,168.99999999999895,1099
212.66948677032866,20,169.19999999999894,1101
212.8168836126364,20,169.39999999999893,1102
212.96028844113056,20,169.59999999999891,1103
213.11379666383726,20,169.7999999999989,1104
213.56370543245424,20,169.9999999999989,1105
214.17693881578478,20,170.19999999999888,1108
214.34295815472487,20,170.39999999999887,1109
214.46379201877082,20,170.59999999999886,1110
214.62901753380652,20,170.79999999999885,1111
215.06512144715305,20,170.99999999999883,1112
215.17689580052908,20,171.19999999999882,1114
215.3578285944129,20,171.3999999999988,1115
215.5168759615077,20,171.5999999999988,1116
215.6500753031421,20,171.7999999999988,1117
216.2571248096059,20,171.99999999999878,1118
216.7287988041301,20,172.19999999999877,1121
216.84438800889387,20,172.39999999999876,1122
217.0148734943561,20,172.59999999999874,1123
217.10784577194593,20,172.79999999999873,1124
217.59979942311043,20,172.99999999999872,1125
217.73645151863383,20,173.1999999999987,1127
217.86817099829057,20,173.3999999999987,1128
218.03825116702996,20,173.5999999999987,1129
218.18271271231532,20,173.79999999999868,1130
218.30688730126693,20,173.99999999999866,1131
219.25600789195929,20,174.19999999999865,1134
219.4002152060674,20,174.39999999999864,1135
219.53345752532738,20,174.59999999999863,1136
219.6339736076392,20,174.79999999999862,1137
220.1303746433328,20,174.9999999999986,1138
220.248452006163,20,175.1999999999986,1140
220.3646263835649,20,175.39999999999858,1141
220.50908760299316,20,175.59999999999857,1142
220.61508926126763,20,175.79999999999856,1143
220.77055856489235,20,175.99999999999855,1144
221.74008522907477,20,176.19999999999854,1147
221.87619761606993,20,176.39999999999853,1148
222.0108897088174,20,176.59999999999852,1149
222.14446687760574,20,176.7999999999985,1150
222.58098417252353,20,176.9999999999985,1151
222.71665337841387,20,177.19999999999848,1153
222.87474784649618,20,177.39999999999847,1154
222.99764255445837,20,177.59999999999846,1155
223.14840846728853,20,177.79999999999845,1156
224.1176607702626,20,177.99999999999844,1157
224.2382999382558,20,178.19999999999843,1160
224.40112522980957,20,178.3999999999984,1161
224.51107326646647,20,178.5999999999984,1162
224.6310946898516,20,178.7999999999984,1163
225.09664813270385,20,178.99999999999838,1164
225.23600950854387,20,179.19999999999837,1166
225.36338702899198,20,179.39999999999836,1167
225.5488473477552,20,179.59999999999835,1168
225.6718215481979,20,179.79999999999833,1169
225.83040990591581,20,179.99999999999832,1170
226.75554379876814,20,180.1999999999983,1173
226.86121441444786,20,180.3999999999983,1174
227.02349141815833,20,180.5999999999983,1175
227.14254264548063,20,180.79999999999828,1176
227.24325926958002,20,180.99999999999827,1177
227.6798631370786,20,181.19999999999825,1179
227.81367358894565,20,181.39999999999824,1180
227.9982130933875,20,181.59999999999823,1181
228.14103111803087,20,181.79999999999822,1182
229.1119825273245,20,181.9999999999982,1183
229.21916500158926,20,182.1999999999982,1186
229.34516656526668,20,182.3999999999982,1187
229.47830281233666,20,182.59999999999818,1188
229.63953428013147,20,182.79999999999816,1189
230.07184058065934,20,182.99999999999815,1190
230.21257815560628,20,183.19999999999814,1192
230.3348638853093,20,183.39999999999813,1193
230.5099799273875,20,183.59999999999812,1194
230.63900891481276,20,183.7999999999981,1195
230.76398913585226,20,183.9999999999981,1196
231.6748374329391,20,184.19999999999808,1199
231.8384408715374,20,184.39999999999807,1200
231.9684773629182,20,184.59999999999806,1201
232.10530603511316,20,184.79999999999805,1202
232.53214120287697,20,184.99999999999804,1203
232.68226879905066,20,185.19999999999803,1205
232.80644378718083,20,185.39999999999802,1206
232.96721258409437,20,185.599999999998,1207
233.09611551911365,20,185.799999999998,1208
233.51900107511943,20,185.99999999999798,1209
234.17372383020725,20,186.19999999999797,1212
234.33338830959653,20,186.39999999999796,1213
234.4644726579546,20,186.59999999999795,1214
234.62348510918576,20,186.79999999999794,1215
235.06635865241475,20,186.99999999999793,1216
235.21869951154522,20,187.1999999999979,1218
235.34653617239005,20,187.3999999999979,1219
235.47044691476563,20,187.5999999999979,1220
235.57191786152617,20,187.79999999999788,1221
236.25526342865234,20,187.99999999999787,1222
236.70969865693823,20,188.19999999999786,1225
236.84378551266772,20,188.39999999999785,1226
236.96339867783922,20,188.59999999999783,1227
237.16091146941227,20,188.79999999999782,1228
237.25735910286437,20,188.9999999999978,1229
237.715783089512,20,189.1999999999978,1231
237.86296961291077,20,189.3999999999978,1232
237.970666586197,20,189.59999999999778,1233
238.14387760548246,20,189.79999999999777,1234
238.77370973456118,20,189.99999999999775,1235
239.17766137139682,20,190.19999999999774,1238
239.36433020006757,20,190.39999999999773,1239
239.5109594771482,20,190.59999999999772,1240
239.64853793425254,20,190.7999999999977,1241
240.09596051596313,20,190.9999999999977,1242
240.2297278414034,20,191.1999999999977,1244
240.4428450944484,20,191.39999999999768,1245
240.5483539499358,20,191.59999999999766,1246
240.6670304008569,20,191.79999999999765,1247
240.80419407916523,20,191.99999999999764,1248
241.80064595611515,20,192.19999999999763,1251
241.9188837642519,20,192.39999999999762,1252
242.0987712489582,20,192.5999999999976,1253
242.2137062969681,20,192.7999999999976,1254
242.34177876204686,20,192.99999999999758,1255
242.7687477220709,20,193.19999999999757,1257
242.91537750645824,20,193.39999999999756,1258
243.0977042465722,20,193.59999999999755,1259
243.21535123497935,20,193.79999999999754,1260
244.14543357865293,20,193.99999999999753,1261
244.2650133197626,20,194.19999999999752,1264
244.43533193465174,20,194.3999999999975,1265
244.5674087816165,20,194.5999999999975,1266
244.75042331855852,20,194.79999999999748,1267
244.8438249821205,20,194.99999999999747,1268
245.3130360462196,20,195.19999999999746,1270
245.4160042662287,20,195.39999999999745,1271
245.55320914420682,20,195.59999999999744,1272
245.68468551730524,20,195.79999999999742,1273
246.6239548060734,20,195.9999999999974,1274
246.8086020210561,20,196.1999999999974,1277
246.93739188737777,20,196.3999999999974,1278
247.05432898605767,20,196.59999999999738,1279
247.17579104546175,20,196.79999999999737,1280
247.65324490123226,20,196.99999999999736,1281
247.79676095451165,20,197.19999999999735,1283
247.9570579498573,20,197.39999999999733,1284
248.07909160389727,20,197.59999999999732,1285
248.21906392958186,20,197.7999999999973,1286
248.3424653389575,20,197.9999999999973,1287
249.23479497254968,20,198.1999999999973,1290
249.35459678789607,20,198.39999999999728,1291
249.5042130172799,20,198.59999999999727,1292
249.66733675693433,20,198.79999999999725,1293
250.10351560646453,20,198.99999999999724,1294
250.2292644268643,20,199.19999999999723,1296
250.3669611697336,20,199.39999999999722,1297
250.51337529934963,20,199.5999999999972,1298
250.6688984813589,20,199.7999999999972,1299
251.5809043816838,20,199.9999999999972,1300
251.7452074001321,20,200.19999999999717,1303
251.8815564112447,20,200.39999999999716,1304
251.97744592125179,20,200.59999999999715,1305
252.154705607792,20,200.79999999999714,1306
252.5697657330075,20,200.99999999999713,1307
252.69631027290475,20,201.19999999999712,1309
252.8782003951758,20,201.3999999999971,1310
252.9987989101513,20,201.5999999999971,1311
253.1188544350439,20,201.79999999999708,1312
253.7722442974841,20,201.99999999999707,1313
254.1685977096992,20,202.19999999999706,1316
254.34778698976427,20,202.39999999999705,1317
254.47078714852987,20,202.59999999999704,1318
254.61519352256985,20,202.79999999999703,1319
255.02115117661475,20,202.99999999999702,1320
255.14205002802544,20,203.199999999997,1322
255.30953120279324,20,203.399999999997,1323
255.42587769320585,20,203.59999999999698,1324
255.59707102371647,20,203.79999999999697,1325
256.2516927179464,20,203.99999999999696,1326
256.7188532099887,20,204.19999999999695,1329
256.8315509960895,20,204.39999999999694,1330
256.97055938608753,20,204.59999999999692,1331
257.11815736168995,20,204.7999999999969,1332
257.4923601323974,20,204.9999999999969,1333
257.62626342609184,20,205.1999999999969,1335
257.75932878359106,20,205.39999999999688,1336
257.91882589933647,20,205.59999999999687,1337
258.0620878467994,20,205.79999999999686,1338
258.46412885535983,20,205.99999999999685,1339
259.1085658161529,20,206.19999999999683,1342
259.28485174205946,20,206.39999999999682,1343
259.4204527932582,20,206.5999999999968,1344
259.56879703935283,20,206.7999999999968,1345
259.7577999075736,20,206.9999999999968,1346
260.158939500953,20,207.19999999999678,1348
260.2798395244181,20,207.39999999999677,1349
260.4417758722143,20,207.59999999999675,1350
260.5424623095588,20,207.79999999999674,1351
261.17508142626235,20,207.99999999999673,1352
261.60980590893666,20,208.19999999999672,1355
261.7900519994092,20,208.3999999999967,1356
261.92302059511997,20,208.5999999999967,1357
262.0575696610803,20,208.7999999999967,1358
262.147924722635,20,208.99999999999667,1359
262.5898356592801,20,209.19999999999666,1361
262.79087320397286,20,209.39999999999665,1362
262.9139160267315,20,209.59999999999664,1363
263.0274178033552,20,209.79999999999663,1364
263.9682787527027,20,209.99999999999662,1365
264.0880377533022,20,210.1999999999966,1368
264.2028784014673,20,210.3999999999966,1369
264.3649818384784,20,210.59999999999658,1370
264.51896577798664,20,210.79999999999657,1371
264.64137955979504,20,210.99999999999656,1372
265.09142544678303,20,211.19999999999655,1374
265.22547921765045,20,211.39999999999654,1375
265.37092259398963,20,211.59999999999653,1376
265.50999450445266,20,211.79999999999652,1377
266.46817244757955,20,211.9999999999965,1378
266.61148203667784,20,212.1999999999965,1381
266.7284975225153,20,212.39999999999648,1382
266.8690730874665,20,212.59999999999647,1383
267.0240527258568,20,212.79999999999646,1384
267.1288481665476,20,212.99999999999645,1385
267.56129790012426,20,213.19999999999644,1387
267.7273008899819,20,213.39999999999642,1388
267.8814718931455,20,213.5999999999964,1389
267.9812456415466,20,213.7999999999964,1390
268.10405739816946,20,213.9999999999964,1391
269.0455494427052,20,214.19999999999638,1394
269.20306617907033,20,214.39999999999637,1395
269.34189288211803,20,214.59999999999636,1396
269.4880931897562,20,214.79999999999634,1397
270.00083511990334,20,214.99999999999633,1398
270.1249788042726,20,215.19999999999632,1400
270.2283015384242,20,215.3999999999963,1401
270.35128930141656,20,215.5999999999963,1402
270.4754940429928,20,215.7999999999963,1403
271.45407400978405,20,215.99999999999628,1404
271.5854682036867,20,216.19999999999627,1407
271.7258815220267,20,216.39999999999625,1408
271.84721829847774,20,216.59999999999624,1409
271.97472353355244,20,216.79999999999623,1410
272.39142314347276,20,216.99999999999622,1411
272.5379602088855,20,217.1999999999962,1413
272.65586835059645,20,217.3999999999962,1414
272.81160949624643,20,217.5999999999962,1415
272.9644942444818,20,217.79999999999617,1416
273.5815653907656,20,217.99999999999616,1417
274.00438623947423,20,218.19999999999615,1420
274.11624628505797,20,218.39999999999614,1421
274.3325135054652,20,218.59999999999613,1422
274.4420479461024,20,218.79999999999612,1423
274.8658168904394,20,218.9999999999961,1424
275.0088455386091,20,219.1999999999961,1426
275.15077837720486,20,219.39999999999608,1427
275.25072992055556,20,219.59999999999607,1428
275.4225467182062,20,219.79999999999606,1429
275.53443819442356,20,219.99999999999605,1430
276.481107399132,20,220.19999999999604,1433
276.6140222954247,20,220.39999999999603,1434
276.7460606244319,20,220.59999999999602,1435
276.87448400253516,20,220.799999999996,1436
277.34051514932577,20,220.999999999996,1437
277.5008160887481,20,221.19999999999598,1439
277.59996257315794,20,221.39999999999597,1440
277.8044508209697,20,221.59999999999596,1441
277.92711332122553,20,221.79999999999595,1442
278.0677246560407,20,221.99999999999594,1443
278.9746189681045,20,222.19999999999592,1446
279.1300853059609,20,222.3999999999959,1447
279.26839366960235,20,222.5999999999959,1448
279.43405046680397,20,222.7999999999959,1449
279.8745498815157,20,222.99999999999588,1450
279.986231393754,20,223.19999999999587,1452
280.1375748337032,20,223.39999999999586,1453
280.286109402276,20,223.59999999999584,1454
280.42805425405413,20,223.79999999999583,1455
280.8609080355225,20,223.99999999999582,1456
281.45076864149337,20,224.1999999999958,1459
281.6507700601348,20,224.3999999999958,1460
281.75878444940344,20,224.5999999999958,1461
281.9340595373538,20,224.79999999999578,1462
282.0767130384659,20,224.99999999999577,1463
282.48386423828305,20,225.19999999999575,1465
282.633821903553,20,225.39999999999574,1466
282.75051395203053,20,225.59999999999573,1467
282.9243332067676,20,225.79999999999572,1468
283.5657065266913,20,225.9999999999957,1469
284.01557872570356,20,226.1999999999957,1472
284.1296957385351,20,226.39999999999569,1473
284.2312108756245,20,226.59999999999567,1474
284.4069443658072,20,226.79999999999566,1475
284.87604784051314,20,226.99999999999565,1476
284.99344467979944,20,227.19999999999564,1478
285.1268465518014,20,227.39999999999563,1479
285.2596508404672,20,227.59999999999562,1480
285.4417474876159,20,227.7999999999956,1481
286.03443532548926,20,227.9999999999956,1482
286.53074496697667,20,228.19999999999558,1485
286.64686215424206,20,228.39999999999557,1486
286.7370932074269,20,228.59999999999556,1487
286.9376791390548,20,228.79999999999555,1488
287.0387199709667,20,228.99999999999554,1489
287.4839920302969,20,229.19999999999553,1491
287.6475625517801,20,229.39999999999552,1492
287.7448816144126,20,229.5999999999955,1493
287.9063276387602,20,229.7999999999955,1494
288.03848689927236,20,229.99999999999548,1495
289.0129520587585,20,230.19999999999547,1498
289.14719764374166,20,230.39999999999546,1499
289.28801279909305,20,230.59999999999545,1500
289.3895744477586,20,230.79999999999544,1501
289.5076178806255,20,230.99999999999542,1502
289.96740920782463,20,231.1999999999954,1504
290.11017644703725,20,231.3999999999954,1505
290.2253207662902,20,231.5999999999954,1506
290.3555455790667,20,231.79999999999538,1507
291.325867976019,20,231.99999999999537,1508
291.49172863830637,20,232.19999999999536,1511
291.59091991543335,20,232.39999999999534,1512
291.7416366866788,20,232.59999999999533,1513
291.8803135529342,20,232.79999999999532,1514
292.32921276271526,20,232.9999999999953,1515
292.4586825306424,20,233.1999999999953,1517
292.6153317443118,20,233.3999999999953,1518
292.78774414374743,20,233.59999999999528,1519
292.9029779893879,20,233.79999999999526,1520
293.03741011326935,20,233.99999999999525,1521
293.96821837083706,20,234.19999999999524,1524
294.1442697861938,20,234.39999999999523,1525
294.26892548048374,20,234.59999999999522,1526
294.40862868750565,20,234.7999999999952,1527
294.8348822599549,20,234.9999999999952,1528
294.97737115859206,20,235.19999999999519,1530
295.1300498177478,20,235.39999999999517,1531
295.2535686170084,20,235.59999999999516,1532
295.40269082469,20,235.79999999999515,1533
295.5867098767638,20,235.99999999999514,1534
296.5075256132049,20,236.19999999999513,1537
296.62118199419507,20,236.39999999999512,1538
296.7860909985779,20,236.5999999999951,1539
296.94734865529165,20,236.7999999999951,1540
297.37063063090756,20,236.99999999999508,1541
297.55524766653446,20,237.19999999999507,1543
297.65876381457855,20,237.39999999999506,1544
297.80409401055607,20,237.59999999999505,1545
297.94941702407283,20,237.79999999999504,1546
298.06855234958533,20,237.99999999999503,1547
299.0316880419818,20,238.19999999999501,1550
299.1735007041725,20,238.399999999995,1551
299.3046846780674,20,238.599999999995,1552
299.46908600804966,20,238.79999999999498,1553
299.6253542919062,20,238.99999999999497,1554
300.043703891448,20,239.19999999999496,1556
300.181047677817,20,239.39999999999495,1557
300.35191569759195,20,239.59999999999494,1558
300.4649782894613,20,239.79999999999492,1559
300.6006357596528,20,239.9999999999949,1560
301.5055404841304,20,240.1999999999949,1563
301.6442621284739,20,240.3999999999949,1564
301.80343542339006,20,240.59999999999488,1565
301.9555647131709,20,240.79999999999487,1566
302.1155668708464,20,240.99999999999486,1567
302.5730384076539,20,241.19999999999484,1569
302.71443683883814,20,241.39999999999483,1570
302.8162169676154,20,241.59999999999482,1571
303.00826593835876,20,241.7999999999948,1572
303.17812657994745,20,241.9999999999948,1573
304.08644693624836,20,242.1999999999948,1576
304.2343934903754,20,242.39999999999478,1577
304.3264957314565,20,242.59999999999476,1578
304.5042656730322,20,242.79999999999475,1579
304.61087141336174,20,242.99999999999474,1580
305.077804149636,20,243.19999999999473,1582
305.1908594806566,20,243.39999999999472,1583
305.3472194500526,20,243.5999999999947,1584
305.46549894391677,20,243.7999999999947,1585
305.5993865415889,20,243.99999999999469,1586
306.52987404313336,20,244.19999999999467,1589
306.6537515860477,20,244.39999999999466,1590
306.82357149927856,20,244.59999999999465,1591
306.9488128228697,20,244.79999999999464,1592
307.37147385188644,20,244.99999999999463,1593
307.5054943393341,20,245.19999999999462,1595
307.6636932170698,20,245.3999999999946,1596
307.8060983178273,20,245.5999999999946,1597
307.9549727363922,20,245.79999999999458,1598
308.92015440131513,20,245.99999999999457,1599
309.07067717278704,20,246.19999999999456,1602
309.2129659813176,20,246.39999999999455,1603
309.36988040051773,20,246.59999999999454,1604
309.50769973778506,20,246.79999999999453,1605
309.9085739141491,20,246.99999999999451,1606
310.04727619503234,20,247.1999999999945,1608
310.22292800783663,20,247.3999999999945,1609
310.3383710568825,20,247.59999999999448,1610
310.51226034658174,20,247.79999999999447,1611
310.91650002122236,20,247.99999999999446,1612
311.5635815408921,20,248.19999999999445,1615
311.6863300542722,20,248.39999999999444,1616
311.86564189778085,20,248.59999999999442,1617
312.0033865113259,20,248.7999999999944,1618
312.13115312001054,20,248.9999999999944,1619
312.56668710374333,20,249.1999999999944,1621
312.71317145339845,20,249.39999999999438,1622
312.79518405595513,20,249.59999999999437,1623
312.9833971171192,20,249.79999999999436,1624
313.650254827168,20,249.99999999999434,1625
314.10252824300915,20,250.19999999999433,1628
314.1999361963327,20,250.39999999999432,1629
314.39307892916287,20,250.5999999999943,1630
314.5286007910623,20,250.7999999999943,1631
314.92797915666165,20,250.9999999999943,1632
315.0713308471765,20,251.19999999999428,1634
315.21376929804535,20,251.39999999999426,1635
315.3617105214837,20,251.59999999999425,1636
315.5020336029183,20,251.79999999999424,1637
315.921885045954,20,251.99999999999423,1638
316.5774468111052,20,252.19999999999422,1641
316.6995175239898,20,252.3999999999942,1642
316.8490864165699,20,252.5999999999942,1643
316.9759174612984,20,252.79999999999418,1644
317.386585250632,20,252.99999999999417,1645
317.53375366241687,20,253.19999999999416,1647
317.6570456568831,20,253.39999999999415,1648
317.80201873270994,20,253.59999999999414,1649
317.95356343287824,20,253.79999999999413,1650
318.9304356215104,20,253.99999999999412,1651
319.08395456023186,20,254.1999999999941,1654
319.21712928150015,20,254.3999999999941,1655
319.3613622398109,20,254.59999999999408,1656
319.4617944502485,20,254.79999999999407,1657
319.9293299184749,20,254.99999999999406,1658
320.0377089753964,20,255.19999999999405,1660
320.16404259513513,20,255.39999999999404,1661
320.3154215261905,20,255.59999999999403,1662
320.3977807004493,20,255.79999999999401,1663
320.90589620770686,20,255.999999999994,1664
321.5223133987593,20,256.199999999994,1667
321.70770000945345,20,256.399999999994,1668
321.84998355662185,20,256.599999999994,1669
322.0083980113279,20,256.799999999994,1670
322.16355680979706,20,256.999999999994,1671
322.57675883795986,20,257.19999999999396,1673
322.68133979358583,20,257.39999999999395,1674
322.813082091779,20,257.59999999999394,1675
322.9757224901904,20,257.79999999999393,1676
323.10273814277616,20,257.9999999999939,1677
324.0529574043102,20,258.1999999999939,1680
324.24358391549055,20,258.3999999999939,1681
324.3808605445259,20,258.5999999999939,1682
324.5483870444896,20,258.7999999999939,1683
324.66428320817727,20,258.99999999999386,1684
325.1410051973373,20,259.19999999999385,1686
325.2499284414031,20,259.39999999999384,1687
325.4190941320844,20,259.5999999999938,1688
325.542543661172,20,259.7999999999938,1689
326.49432380446024,20,259.9999999999938,1690
326.6333834996625,20,260.1999999999938,1693
326.80989780510373,20,260.3999999999938,1694
326.9512600048384,20,260.59999999999377,1695
327.08717396222835,20,260.79999999999376,1696
327.2620753556768,20,260.99999999999375,1697
327.65564748201086,20,261.19999999999374,1699
327.82953041632067,20,261.3999999999937,1700
327.9764180406362,20,261.5999999999937,1701
328.1056808090917,20,261.7999999999937,1702
328.9826146993867,20,261.9999999999937,1703
329.1309797558446,20,262.1999999999937,1706
329.2709228451414,20,262.39999999999367,1707
329.4274229821528,20,262.59999999999366,1708
329.52183066439665,20,262.79999999999364,1709
329.7433359077078,20,262.99999999999363,1710
330.1595345098094,20,263.1999999999936,1712
330.30861536195573,20,263.3999999999936,1713
330.410117875827,20,263.5999999999936,1714
330.55936481177844,20,263.7999999999936,1715
331.2136037966743,20,263.9999999999936,1716
331.6649310127282,20,264.19999999999357,1719
331.7830461109147,20,264.39999999999355,1720
331.9336329538926,20,264.59999999999354,1721
332.0769901763147,20,264.79999999999353,1722
332.49555931925494,20,264.9999999999935,1723
332.6145353043689,20,265.1999999999935,1725
332.7857324092229,20,265.3999999999935,1726
332.91742738124503,20,265.5999999999935,1727
333.07065830003523,20,265.7999999999935,1728
333.970520887667,20,265.99999999999346,1729
334.1662454238355,20,266.19999999999345,1732
334.2772072885772,20,266.39999999999344,1733
334.39452634681703,20,266.59999999999343,1734
334.5296135051341,20,266.7999999999934,1735
334.705167204439,20,266.9999999999934,1736
335.1398068492623,20,267.1999999999934,1738
335.29929104805655,20,267.3999999999934,1739
335.4623795050443,20,267.5999999999934,1740
335.6014035672007,20,267.79999999999336,1741
336.2205089319345,20,267.99999999999335,1742
336.6607645033139,20,268.19999999999334,1745
336.7916516653957,20,268.3999999999933,1746
336.9766145516933,20,268.5999999999933,1747
337.08064457291135,20,268.7999999999933,1748
337.5245498025163,20,268.9999999999933,1749
337.6811693353592,20,269.1999999999933,1751
337.8056146294717,20,269.39999999999327,1752
337.98442808977813,20,269.59999999999326,1753
338.1257617733276,20,269.79999999999325,1754
339.0312371223093,20,269.99999999999324,1755
339.1985216417532,20,270.1999999999932,1758
339.33274693347477,20,270.3999999999932,1759
339.44740002588827,20,270.5999999999932,1760
339.56085543920227,20,270.7999999999932,1761
339.71194702658954,20,270.9999999999932,1762
340.16766246445803,20,271.19999999999317,1764
340.2970119803799,20,271.39999999999316,1765
340.451674162628,20,271.59999999999314,1766
340.60367641651425,20,271.79999999999313,1767
340.7502356619503,20,271.9999999999931,1768
341.6841963398455,20,272.1999999999931,1771
341.8441548229032,20,272.3999999999931,1772
342.02356314698847,20,272.5999999999931,1773
342.14465044747124,20,272.7999999999931,1774
342.5751060301505,20,272.99999999999307,1775
342.6836701701071,20,273.19999999999305,1777
342.8215604905212,20,273.39999999999304,1778
342.93388974379735,20,273.59999999999303,1779
343.1012675660985,20,273.799999999993,1780
344.0464910739543,20,273.999999999993,1781
344.2289237917943,20,274.199999999993,1784
344.3533949684799,20,274.399999999993,1785
344.4748170491554,20,274.599999999993,1786
344.62781390382725,20,274.79999999999296,1787
344.7688985193103,20,274.99999999999295,1788
345.1976389369206,20,275.19999999999294,1790
345.35124761286744,20,275.39999999999293,1791
345.4789467469552,20,275.5999999999929,1792
345.62659606950905,20,275.7999999999929,1793
346.54051442619186,20,275.9999999999929,1794
346.6860134924949,20,276.1999999999929,1797
346.834615834235,20,276.3999999999929,1798
346.990679897417,20,276.59999999999286,1799
347.1648907281731,20,276.79999999999285,1800
347.30841744227877,20,276.99999999999284,1801
347.7708413962616,20,277.1999999999928,1803
347.89670178049266,20,277.3999999999928,1804
348.0140651333866,20,277.5999999999928,1805
348.174422141382,20,277.7999999999928,1806
348.6254771936363,20,277.9999999999928,1807
349.25613695482707,20,278.19999999999277,1810
349.38527467406965,20,278.39999999999276,1811
349.5630054634541,20,278.59999999999275,1812
349.69927279047107,20,278.79999999999274,1813
350.1240745339743,20,278.9999999999927,1814
350.2263235530314,20,279.1999999999927,1816
350.38630593079426,20,279.3999999999927,1817
350.49753967483184,20,279.5999999999927,1818
350.6274086003488,20,279.7999999999927,1819
351.57692488966876,20,279.99999999999267,1820
351.74155946709493,20,280.19999999999266,1823
351.8524537874754,20,280.39999999999264,1824
352.00132838044937,20,280.59999999999263,1825
352.1161934610523,20,280.7999999999926,1826
352.56577083569124,20,280.9999999999926,1827
352.6541792596078,20,281.1999999999926,1829
352.84789142549954,20,281.3999999999926,1830
352.96100440979274,20,281.5999999999926,1831
353.1008387024159,20,281.79999999999256,1832
353.5422778378035,20,281.99999999999255,1833
354.13932148746846,20,282.19999999999254,1836
354.38167673927813,20,282.39999999999253,1837
354.49352210013564,20,282.5999999999925,1838
354.6251874435162,20,282.7999999999925,1839
354.7644617881146,20,282.9999999999925,1840
355.2072157242638,20,283.1999999999925,1842
355.34355022921335,20,283.3999999999925,1843
355.49862161109223,20,283.59999999999246,1844
355.6283418447347,20,283.79999999999245,1845
355.7453344694216,20,283.99999999999244,1846
356.7140710590805,20,284.19999999999243,1849
356.84312387053643,20,284.3999999999924,1850
356.94843120105236,20,284.5999999999924,1851
357.1151259981292,20,284.7999999999924,1852
357.5901981318279,20,284.9999999999924,1853
357.7189565180553,20,285.1999999999924,1855
357.8753684754013,20,285.39999999999236,1856
358.00041646119206,20,285.59999999999235,1857
358.1193317440666,20,285.79999999999234,1858
359.117288507652,20,285.9999999999923,1859
359.2393722686557,20,286.1999999999923,1862
359.3758004526085,20,286.3999999999923,1863
359.54246735149695,20,286.5999999999923,1864
359.673752065082,20,286.7999999999923,1865
360.08104165091765,20,286.99999999999227,1866
360.2117102329216,20,287.19999999999226,1868
360.3256475610509,20,287.39999999999225,1869
360.4378665334326,20,287.59999999999224,1870
360.6047675352117,20,287.7999999999922,1871
361.5560620193074,20,287.9999999999922,1872
361.70885617141977,20,288.1999999999922,1875
361.8226311650511,20,288.3999999999922,1876
361.95496697129363,20,288.5999999999922,1877
362.12838636638344,20,288.79999999999217,1878
362.56085431270185,20,288.99999999999216,1879
362.72077986474534,20,289.19999999999214,1881
362.8334687885831,20,289.39999999999213,1882
362.972154098392,20,289.5999999999921,1883
363.0816802650308,20,289.7999999999921,1884
363.23283874144744,20,289.9999999999921,1885
364.1636914668483,20,290.1999999999921,1888
364.33283026938153,20,290.3999999999921,1889
364.45218338886724,20,290.59999999999206,1890
364.60898671134674,20,290.79999999999205,1891
364.74577665996924,20,290.99999999999204,1892
365.2180874989998,20,291.19999999999203,1894
365.34971732115895,20,291.399999999992,1895
365.48077063583264,20,291.599999999992,1896
365.658945662477,20,291.799999999992,1897
366.5489275779329,20,291.999999999992,1898
366.703853132741,20,292.199999999992,1901
366.8923263208577,20,292.39999999999196,1902
367.01073470255113,20,292.59999999999195,1903
367.1382358179723,20,292.79999999999194,1904
367.24584067331944,20,292.9999999999919,1905
367.6971052934953,20,293.1999999999919,1907
367.853326800691,20,293.3999999999919,1908
367.99371823178666,20,293.5999999999919,1909
368.12127271872134,20,293.7999999999919,1910
368.561443742937,20,293.99999999999187,1911
369.2014221330057,20,294.19999999999186,1914
369.3410259087383,20,294.39999999999185,1915
369.51772102133583,20,294.59999999999184,1916
369.68616183020185,20,294.7999999999918,1917
370.05286020216244,20,294.9999999999918,1918
370.1821356136131,20,295.1999999999918,1920
370.30271212276904,20,295.3999999999918,1921
370.4811608692123,20,295.5999999999918,1922
370.61171190946783,20,295.79999999999177,1923
370.7864703004797,20,295.99999999999176,1924
371.69990039299745,20,296.19999999999175,1927
371.8352218817412,20,296.39999999999173,1928
371.9928928799614,20,296.5999999999917,1929
372.1095745234061,20,296.7999999999917,1930
372.6130488038125,20,296.9999999999917,1931
372.72490558676276,20,297.1999999999917,1933
372.8324917321669,20,297.3999999999917,1934
372.954285080604,20,297.59999999999167,1935
373.1033192533426,20,297.79999999999166,1936
373.7542714514696,20,297.99999999999164,1937
374.22130412251477,20,298.19999999999163,1940
374.3573264153234,20,298.3999999999916,1941
374.4581362093701,20,298.5999999999916,1942
374.5960291762317,20,298.7999999999916,1943
374.9985857662183,20,298.9999999999916,1944
375.14938371891293,20,299.1999999999916,1946
375.30648492930834,20,299.39999999999156,1947
375.4546507921805,20,299.59999999999155,1948
375.5763282524993,20,299.79999999999154,1949
375.74524816654036,20,299.99999999999153,1950
376.694836023822,20,300.1999999999915,1953
376.84917758109043,20,300.3999999999915,1954
376.97835728620726,20,300.5999999999915,1955
377.10690250597617,20,300.7999999999915,1956
377.5182563603012,20,300.9999999999915,1957
377.6898426499292,20,301.19999999999146,1959
377.81760726267424,20,301.39999999999145,1960
377.97750167999,20,301.59999999999144,1961
378.102590440046,20,301.7999999999914,1962
379.0146325829011,20,301.9999999999914,1963
379.1330646689077,20,302.1999999999914,1966
379.2679241387234,20,302.3999999999914,1967
379.4460652123155,20,302.5999999999914,1968
379.5672451455369,20,302.79999999999137,1969
380.0226747792731,20,302.99999999999136,1970
380.135945667557,20,303.19999999999135,1972
380.2574848851728,20,303.39999999999134,1973
380.4620632621357,20,303.5999999999913,1974
380.60796063107983,20,303.7999999999913,1975
381.19773247894346,20,303.9999999999913,1976
381.6525524087076,20,304.1999999999913,1979
381.77651805477603,20,304.3999999999913,1980
381.8976924445721,20,304.59999999999127,1981
382.08951323337607,20,304.79999999999126,1982
382.2121645737676,20,304.99999999999125,1983
382.62994658621125,20,305.19999999999123,1985
382.7437050670951,20,305.3999999999912,1986
382.89022082082727,20,305.5999999999912,1987
383.0364950141415,20,305.7999999999912,1988
383.98303618960625,20,305.9999999999912,1989
384.1488819626467,20,306.1999999999912,1992
384.30695442976725,20,306.39999999999117,1993
384.4476277265617,20,306.59999999999116,1994
384.579483941151,20,306.79999999999114,1995
384.7096866794095,20,306.99999999999113,1996
385.1603507321241,20,307.1999999999911,1998
385.26744678680797,20,307.3999999999911,1999
385.44399868326633,20,307.5999999999911,2000
385.6046549715409,20,307.7999999999911,2001
385.7373551528184,20,307.9999999999911,2002
386.6787386075571,20,308.19999999999106,2005
386.8245263603568,20,308.39999999999105,2006
386.9757538876647,20,308.59999999999104,2007
387.09858634745933,20,308.79999999999103,2008
387.2506836650317,20,308.999999999991,2009
387.65446646114947,20,309.199999999991,2011
387.7993941745919,20,309.399999999991,2012
387.9524904823791,20,309.599999999991,2013
388.0496166346102,20,309.799999999991,2014
388.22918489001137,20,309.99999999999096,2015
389.17710256506905,20,310.19999999999095,2018
389.30078579087484,20,310.39999999999094,2019
389.4493810890346,20,310.5999999999909,2020
389.609351100581,20,310.7999999999909,2021
389.72652002465,20,310.9999999999909,2022
390.128256290684,20,311.1999999999909,2024
390.2739947773506,20,311.3999999999909,2025
390.42172558705954,20,311.59999999999087,2026
390.59527432555956,20,311.79999999999086,2027
391.537491085789,20,311.99999999999085,2028
391.6373406941926,20,312.19999999999084,2031
391.784896902174,20,312.3999999999908,2032
391.902491826654,20,312.5999999999908,2033
392.0518262557984,20,312.7999999999908,2034
392.49673950807386,20,312.9999999999908,2035
392.6659301071305,20,313.1999999999908,2037
392.79739288413697,20,313.39999999999077,2038
392.93437836608217,20,313.59999999999076,2039
393.09860171411435,20,313.79999999999075,2040
393.7245005661573,20,313.99999999999073,2041
394.1820794682547,20,314.1999999999907,2044
394.3049275985345,20,314.3999999999907,2045
394.432527737229,20,314.5999999999907,2046
394.6068700302344,20,314.7999999999907,2047
395.048791825499,20,314.9999999999907,2048
395.15604921113317,20,315.19999999999067,2050
395.2916977487839,20,315.39999999999065,2051
395.4399731687506,20,315.59999999999064,2052
395.609345361301,20,315.79999999999063,2053
396.0332451147753,20,315.9999999999906,2054
396.6306145162423,20,316.1999999999906,2057
396.7980155835426,20,316.3999999999906,2058
396.9226365037736,20,316.5999999999906,2059
397.0574619791357,20,316.7999999999906,2060
397.4922054868335,20,316.99999999999056,2061
397.64653571252217,20,317.19999999999055,2063
397.7707922288214,20,317.39999999999054,2064
397.90322156358434,20,317.59999999999053,2065
398.035696687229,20,317.7999999999905,2066
398.1305714891681,20,317.9999999999905,2067
399.1219685698567,20,318.1999999999905,2070
399.2408492600282,20,318.3999999999905,2071
399.3697653641383,20,318.5999999999905,2072
399.54352330864714,20,318.79999999999046,2073
399.96555394311434,20,318.99999999999045,2074
400.13556474540655,20,319.19999999999044,2076
400.25283479949877,20,319.3999999999904,2077
400.4317471096877,20,319.5999999999904,2078
400.54599678495384,20,319.7999999999904,2079
400.65961929579146,20,319.9999999999904,2080
401.63216727271305,20,320.1999999999904,2083
401.73248855966125,20,320.39999999999037,2084
401.9014513441876,20,320.59999999999036,2085
402.04415818238596,20,320.79999999999035,2086
402.1493318519442,20,320.99999999999034,2087
402.5878553042104,20,321.1999999999903,2089
402.72568849927006,20,321.3999999999903,2090
402.87617760672737,20,321.5999999999903,2091
402.98985750386805,20,321.7999999999903,2092
403.59059008832855,20,321.9999999999903,2093
404.0461122811291,20,322.19999999999027,2096
404.19617225049046,20,322.39999999999026,2097
404.33935012863236,20,322.59999999999025,2098
404.4767086532788,20,322.79999999999023,2099
404.6046326549344,20,322.9999999999902,2100
405.01535280913066,20,323.1999999999902,2102
405.19410518471227,20,323.3999999999902,2103
405.3284947078571,20,323.5999999999902,2104
405.47137030826246,20,323.7999999999902,2105
405.8521991678678,20,323.99999999999017,2106
406.53995600998866,20,324.19999999999015,2109
406.6582048372096,20,324.39999999999014,2110
406.7899769322808,20,324.59999999999013,2111
406.9070421212919,20,324.7999999999901,2112
407.0510794313187,20,324.9999999999901,2113
407.50551837035516,20,325.1999999999901,2115
407.69254617216575,20,325.3999999999901,2116
407.825759204406,20,325.5999999999901,2117
407.93437802549255,20,325.79999999999006,2118
408.3636407610386,20,325.99999999999005,2119
408.99069284730007,20,326.19999999999004,2122
409.14264777505906,20,326.39999999999003,2123
409.30725569727696,20,326.59999999999,2124
409.4673606878054,20,326.79999999999,2125
409.9133479509545,20,326.99999999999,2126
410.0212541473292,20,327.19999999999,2128
410.1527239937078,20,327.39999999999,2129
410.32137978048274,20,327.59999999998996,2130
410.4318042376,20,327.79999999998995,2131
410.5930226626422,20,327.99999999998994,2132
411.54143041269793,20,328.1999999999899,2135
411.68947644648244,20,328.3999999999899,2136
411.86652736516265,20,328.5999999999899,2137
411.99176884189706,20,328.7999999999899,2138
412.1258417464184,20,328.9999999999899,2139
412.5381782584947,20,329.19999999998987,2141
412.6591138014728,20,329.39999999998986,2142
412.7852903727887,20,329.59999999998985,2143
412.94288901518206,20,329.79999999998984,2144
413.0902216368561,20,329.9999999999898,2145
414.0033889818773,20,330.1999999999898,2148
414.1579337226428,20,330.3999999999898,2149
414.2782215745125,20,330.5999999999898,2150
414.4169937925424,20,330.7999999999898,2151
414.5564990436576,20,330.99999999998977,2152
414.9832318984152,20,331.19999999998976,2154
415.0959525961,20,331.39999999998975,2155
415.2591456622578,20,331.59999999998973,2156
415.39004492387215,20,331.7999999999897,2157
416.31045036297945,20,331.9999999999897,2158
416.44190056791655,20,332.1999999999897,2161
416.56810417783953,20,332.3999999999897,2162
416.733985923331,20,332.5999999999897,2163
416.9111869338301,20,332.79999999998967,2164
417.04419410864733,20,332.99999999998965,2165
417.443859456563,20,333.19999999998964,2167
417.60533421344115,20,333.39999999998963,2168
417.7588874357602,20,333.5999999999896,2169
417.9119188286981,20,333.7999999999896,2170
418.01874933743096,20,333.9999999999896,2171
418.9435584900841,20,334.1999999999896,2174
419.11630109369304,20,334.3999999999896,2175
419.22092122301336,20,334.59999999998956,2176
419.3906373159146,20,334.79999999998955,2177
419.81825998354583,20,334.99999999998954,2178
419.9664379824834,20,335.19999999998953,2180
420.062415677985,20,335.3999999999895,2181
420.26727720098717,20,335.5999999999895,2182
420.37202825418115,20,335.7999999999895,2183
420.54970674327916,20,335.9999999999895,2184
421.48123394687275,20,336.1999999999895,2187
421.6014660547537,20,336.39999999998946,2188
421.7313837246262,20,336.59999999998945,2189
421.88229868594436,20,336.79999999998944,2190
421.983340814188,20,336.9999999999894,2191
422.47792626934586,20,337.1999999999894,2193
422.6282477582273,20,337.3999999999894,2194
422.7539653430299,20,337.5999999999894,2195
422.8854810634832,20,337.7999999999894,2196
423.0249771647114,20,337.99999999998937,2197
423.95773150506824,20,338.19999999998936,2200
424.1486444103904,20,338.39999999998935,2201
424.24620424664346,20,338.59999999998934,2202
424.38104418411154,20,338.7999999999893,2203
424.5415134723981,20,338.9999999999893,2204
425.01379239159695,20,339.1999999999893,2206
425.1621498531277,20,339.3999999999893,2207
425.272079224071,20,339.5999999999893,2208
425.3918783376878,20,339.79999999998927,2209
425.5595116848678,20,339.99999999998926,2210
426.49148716171806,20,340.19999999998925,2213
426.6158591291859,20,340.39999999998923,2214
426.7236602468296,20,340.5999999999892,2215
426.86960331842135,20,340.7999999999892,2216
426.9858123599579,20,340.9999999999892,2217
427.47336244711204,20,341.1999999999892,2219
427.60346878334684,20,341.3999999999892,2220
427.7503610013954,20,341.59999999998917,2221
427.89714566523395,20,341.79999999998915,2222
428.52982152282965,20,341.99999999998914,2223
428.94670104106416,20,342.19999999998913,2226
429.1389405470888,20,342.3999999999891,2227
429.27848907542483,20,342.5999999999891,2228
429.4446369345906,20,342.7999999999891,2229
429.56267298602444,20,342.9999999999891,2230
430.027691525564,20,343.1999999999891,2232
430.18212659652687,20,343.39999999998906,2233
430.27343548209006,20,343.59999999998905,2234
430.4306276455758,20,343.79999999998904,2235
431.35481873805725,20,343.99999999998903,2236
431.52023182393776,20,344.199999999989,2239
431.65198600008296,20,344.399999999989,2240
431.800089240637,20,344.599999999989,2241
431.8904669831367,20,344.799999999989,2242
432.08212618675987,20,344.999999999989,2243
432.5415011236731,20,345.19999999998896,2245
432.6886446055126,20,345.39999999998895,2246
432.82067588823395,20,345.59999999998894,2247
432.95674410866104,20,345.7999999999889,2248
433.5828869470269,20,345.9999999999889,2249
434.0095214789405,20,346.1999999999889,2252
434.1696608951238,20,346.3999999999889,2253
434.29108496142567,20,346.5999999999889,2254
434.4542840327096,20,346.79999999998887,2255
434.90567593490516,20,346.99999999998886,2256
435.0496345949259,20,347.19999999998885,2258
435.16475117862024,20,347.39999999998884,2259
435.29416925275643,20,347.5999999999888,2260
435.44884722644196,20,347.7999999999888,2261
436.3568370912517,20,347.9999999999888,2262
436.51723620095044,20,348.1999999999888,2265
436.654309566064,20,348.3999999999888,2266
436.79856908764356,20,348.59999999998877,2267
436.930274974397,20,348.79999999998876,2268
437.06591410047656,20,348.99999999998875,2269
437.5508719171057,20,349.19999999998873,2271
437.68241999537577,20,349.3999999999887,2272
437.78148589843886,20,349.5999999999887,2273
437.94378692218027,20,349.7999999999887,2274
438.0999649179664,20,349.9999999999887,2275
439.02744953940856,20,350.1999999999887,2278
439.16944496445905,20,350.39999999998867,2279
439.32442385969995,20,350.59999999998865,2280
439.4907497555529,20,350.79999999998864,2281
439.5904643993243,20,350.99999999998863,2282
440.01340359114454,20,351.1999999999886,2284
440.1614067631801,20,351.3999999999886,2285
440.321612146575,20,351.5999999999886,2286
440.4692242234151,20,351.7999999999886,2287
440.89028634433123,20,351.9999999999886,2288
441.54220493552253,20,352.19999999998856,2291
441.66150444001875,20,352.39999999998855,2292
441.80533167489114,20,352.59999999998854,2293
441.9391668366842,20,352.79999999998853,2294
442.33028755707784,20,352.9999999999885,2295
442.49352144722945,20,353.1999999999885,2297
442.6346599272419,20,353.3999999999885,2298
442.78351825760404,20,353.5999999999885,2299
442.9030041923138,20,353.7999999999885,2300
443.0457000527423,20,353.99999999998846,2301
444.0244807302623,20,354.19999999998845,2304
444.18441503258276,20,354.39999999998844,2305
444.3134933976124,20,354.5999999999884,2306
444.4496295608895,20,354.7999999999884,2307
444.5693171904876,20,354.9999999999884,2308
445.02869191500866,20,355.1999999999884,2310
445.17482416240523,20,355.3999999999884,2311
445.29884599709015,20,355.59999999998837,2312
445.4310467898132,20,355.79999999998836,2313
445.6134831590438,20,355.99999999998835,2314
446.5920027125392,20,356.19999999998834,2317
446.72517403789084,20,356.3999999999883,2318
446.8543373397343,20,356.5999999999883,2319
446.98190323485335,20,356.7999999999883,2320
447.11663706818706,20,356.9999999999883,2321
447.51520292857055,20,357.1999999999883,2323
447.65118091464285,20,357.39999999998827,2324
447.80450691435635,20,357.59999999998826,2325
447.9052025952182,20,357.79999999998824,2326
448.04170284641856,20,357.99999999998823,2327
449.0043442309626,20,358.1999999999882,2330
449.1440283860086,20,358.3999999999882,2331
449.273564358904,20,358.5999999999882,2332
449.39982652821146,20,358.7999999999882,2333
449.84243483071526,20,358.9999999999882,2334
449.9757034033568,20,359.19999999998817,2336
450.11446812570034,20,359.39999999998815,2337
450.25220076611845,20,359.59999999998814,2338
450.4212335261657,20,359.79999999998813,2339
451.0564734298912,20,359.9999999999881,2340
451.5184995024957,20,360.1999999999881,2343
451.6135922810687,20,360.3999999999881,2344
451.78329353590505,20,360.5999999999881,2345
451.91161412476373,20,360.7999999999881,2346
452.34487002132437,20,360.99999999998806,2347
452.50571934146535,20,361.19999999998805,2349
452.63345199000855,20,361.39999999998804,2350
452.7921382165469,20,361.59999999998803,2351
452.9683104088005,20,361.799999999988,2352
453.8711804446206,20,361.999999999988,2353
454.0134435774933,20,362.199999999988,2356
454.17931933466934,20,362.399999999988,2357
454.3241890562756,20,362.599999999988,2358
454.43462485550884,20,362.79999999998796,2359
454.5674512535617,20,362.99999999998795,2360
455.0125654644097,20,363.19999999998794,2362
455.170411285652,20,363.3999999999879,2363
455.29943666222846,20,363.5999999999879,2364
455.4144584501839,20,363.7999999999879,2365
455.86328703271687,20,363.9999999999879,2366
456.5054297725321,20,364.1999999999879,2369
456.62527973765884,20,364.39999999998787,2370
456.7992084152,20,364.59999999998786,2371
456.90987892001914,20,364.79999999998785,2372
457.35601977916536,20,364.99999999998784,2373
457.48171758846286,20,365.1999999999878,2375
457.6263152070943,20,365.3999999999878,2376
457.75476811650645,20,365.5999999999878,2377
457.8809723634436,20,365.7999999999878,2378
458.3535698229536,20,365.9999999999878,2379
458.97904883987707,20,366.19999999998777,2382
459.1112908308822,20,366.39999999998776,2383
459.2439662401127,20,366.59999999998774,2384
459.3875648172665,20,366.79999999998773,2385
459.8292995643624,20,366.9999999999877,2386
459.9603056746625,20,367.1999999999877,2388
460.0591147707885,20,367.3999999999877,2389
460.23476506488623,20,367.5999999999877,2390
460.37226314282,20,367.7999999999877,2391
460.4865855737031,20,367.99999999998766,2392
461.3991019734716,20,368.19999999998765,2395
461.58060221935773,20,368.39999999998764,2396
461.71787801174787,20,368.59999999998763,2397
461.86354024403,20,368.7999999999876,2398
461.98971178561084,20,368.9999999999876,2399
462.4458858589561,20,369.1999999999876,2401
462.5669681113121,20,369.3999999999876,2402
462.7428394294381,20,369.5999999999876,2403
462.9020634925451,20,369.79999999998756,2404
463.3014991545796,20,369.99999999998755,2405
463.9467644006712,20,370.19999999998754,2408
464.0655854037824,20,370.39999999998753,2409
464.1759965363193,20,370.5999999999875,2410
464.31824432477305,20,370.7999999999875,2411
464.48294542189467,20,370.9999999999875,2412
464.95958354521497,20,371.1999999999875,2414
465.1083363549988,20,371.3999999999875,2415
465.25362215667934,20,371.59999999998746,2416
465.3429078233229,20,371.79999999998745,2417
466.26969596399294,20,371.99999999998744,2418
466.46435840330776,20,372.1999999999874,2421
466.57728344023525,20,372.3999999999874,2422
466.740702733943,20,372.5999999999874,2423
466.8900696822759,20,372.7999999999874,2424
466.9967935324172,20,372.9999999999874,2425
467.4271165990706,20,373.19999999998737,2427
467.57737927268187,20,373.39999999998736,2428
467.72792083584244,20,373.59999999998735,2429
467.87930389813516,20,373.79999999998734,2430
468.7815972136858,20,373.9999999999873,2431
468.9183001696265,20,374.1999999999873,2434
469.0570695915005,20,374.3999999999873,2435
469.2039491252461,20,374.5999999999873,2436
469.3198862662576,20,374.7999999999873,2437
469.47657767578875,20,374.99999999998727,2438
469.89763295729097,20,375.19999999998726,2440
470.09846383167434,20,375.39999999998724,2441
470.21287388592674,20,375.59999999998723,2442
470.3160781395442,20,375.7999999999872,2443
470.47036551473707,20,375.9999999999872,2444
471.4095226004563,20,376.1999999999872,2447
471.5817769341149,20,376.3999999999872,2448
471.7018445957615,20,376.5999999999872,2449
471.8082822366883,20,376.79999999998716,2450
471.96080678583536,20,376.99999999998715,2451
472.38758135881557,20,377.19999999998714,2453
472.5428561482591,20,377.39999999998713,2454
472.6583438208781,20,377.5999999999871,2455
472.8314963162927,20,377.7999999999871,2456
473.258592612263,20,377.9999999999871,2457
473.94302952738536,20,378.1999999999871,2460
474.10103433299133,20,378.3999999999871,2461
474.2067081517702,20,378.59999999998706,2462
474.3417822747934,20,378.79999999998705,2463
474.48798713724966,20,378.99999999998704,2464
474.9561648715584,20,379.199999999987,2466
475.0747292126091,20,379.399999999987,2467
475.2470004549698,20,379.599999999987,2468
475.34860024254033,20,379.799999999987,2469
475.8142657283384,20,379.999999999987,2470
476.4426591453109,20,380.19999999998697,2473
476.62221567950513,20,380.39999999998696,2474
476.7373776658604,20,380.59999999998695,2475
476.88577984551637,20,380.79999999998694,2476
477.30709394636926,20,380.9999999999869,2477
477.46969178122833,20,381.1999999999869,2479
477.59530423359706,20,381.3999999999869,2480
477.75162034192414,20,381.5999999999869,2481
477.87895267674827,20,381.7999999999869,2482
478.33422495030095,20,381.99999999998687,2483
478.9740940903257,20,382.19999999998686,2486
479.11700867057544,20,382.39999999998685,2487
479.23002575333743,20,382.59999999998684,2488
479.39806639301463,20,382.7999999999868,2489
479.51990622877463,20,382.9999999999868,2490
479.9843673772794,20,383.1999999999868,2492
480.1376248128648,20,383.3999999999868,2493
480.2538776660085,20,383.5999999999868,2494
480.3805897370254,20,383.79999999998677,2495
481.0452649577977,20,383.99999999998676,2496
481.4421187735171,20,384.19999999998674,2499
481.58776054086985,20,384.39999999998673,2500
481.73474282276925,20,384.5999999999867,2501
481.8797970321557,20,384.7999999999867,2502
482.2919754162035,20,384.9999999999867,2503
482.40700465097365,20,385.1999999999867,2505
482.57838424098645,20,385.3999999999867,2506
482.6863832661816,20,385.59999999998666,2507
482.8484023985589,20,385.79999999998665,2508
483.83176856366316,20,385.99999999998664,2509
483.9674526146139,20,386.19999999998663,2512
484.08816275774836,20,386.3999999999866,2513
484.21060631156934,20,386.5999999999866,2514
484.33511625263475,20,386.7999999999866,2515
484.77790813119304,20,386.9999999999866,2516
484.9173224153903,20,387.1999999999866,2518
485.05401943604954,20,387.39999999998656,2519
485.20506687392276,20,387.59999999998655,2520
485.34773417111785,20,387.79999999998654,2521
485.50411476158894,20,387.9999999999865,2522
486.4080922585827,20,388.1999999999865,2525
486.5286533560874,20,388.3999999999865,2526
486.70512981103286,20,388.5999999999865,2527
486.85470133507783,20,388.7999999999865,2528
487.278553202179,20,388.99999999998647,2529
487.4160819980954,20,389.19999999998646,2531
487.5154531780435,20,389.39999999998645,2532
487.7290406136773,20,389.59999999998644,2533
487.85590869507615,20,389.7999999999864,2534
488.7771858959744,20,389.9999999999864,2535
488.91184628258645,20,390.1999999999864,2538
489.0285378960571,20,390.3999999999864,2539
489.199499635647,20,390.5999999999864,2540
489.32758570795653,20,390.79999999998637,2541
489.50182985008774,20,390.99999999998636,2542
489.8850800105444,20,391.19999999998635,2544
490.0371139441542,20,391.39999999998633,2545
490.1529559720973,20,391.5999999999863,2546
490.3109078335934,20,391.7999999999863,2547
490.4665129672289,20,391.9999999999863,2548
491.35460789335553,20,392.1999999999863,2551
491.5058960204387,20,392.3999999999863,2552
491.63487056904086,20,392.59999999998627,2553
491.8167291141045,20,392.79999999998626,2554
492.2562202592341,20,392.99999999998624,2555
492.4313417958505,20,393.19999999998623,2557
492.5524816168584,20,393.3999999999862,2558
492.68307839859983,20,393.5999999999862,2559
492.8183341056975,20,393.7999999999862,2560
493.48386876236344,20,393.9999999999862,2561
493.9051758053628,20,394.1999999999862,2564
494.0027242910756,20,394.39999999998616,2565
494.16421420276583,20,394.59999999998615,2566
494.2729371791744,20,394.79999999998614,2567
494.4330377519463,20,394.99999999998613,2568
494.8946264962691,20,395.1999999999861,2570
495.02462707207866,20,395.3999999999861,2571
495.18897665430075,20,395.5999999999861,2572
495.3261526674086,20,395.7999999999861,2573
495.4641786495522,20,395.9999999999861,2574
496.37753463082413,20,396.19999999998606,2577
496.494639219577,20,396.39999999998605,2578
496.6450392832551,20,396.59999999998604,2579
496.80261970725394,20,396.799999999986,2580
496.93708668167596,20,396.999999999986,2581
497.3737441546536,20,397.199999999986,2583
497.4968073821013,20,397.399999999986,2584
497.6126542743688,20,397.599999999986,2585
497.7902861339079,20,397.79999999998597,2586
497.9308349678634,20,397.99999999998596,2587
498.86890933617866,20,398.19999999998595,2590
498.9996402827735,20,398.39999999998594,2591
499.1504336039458,20,398.5999999999859,2592
499.2958082323468,20,398.7999999999859,2593
499.7581071484563,20,398.9999999999859,2594
499.87472572732645,20,399.1999999999859,2596
499.99356810149266,20,399.3999999999859,2597
