1.0274235123970419,100,0,0
2.7790582329393545,100,1,7
4.445771704820029,100,2,15
5.180451873106622,100,3,20
5.827875477360997,100,4,27
7.355382745958809,100,5,33
8.700871284129281,100,6,40
9.506169410452701,100,7,46
10.882239520346838,100,8,53
11.479856710816577,100,9,59
12.846224142857487,100,10,67
13.428977187732029,100,11,73
14.817355644805767,100,12,80
15.600346010097363,100,13,86
16.94792306577642,100,14,93
17.580001305581906,100,15,99
18.933541908321732,100,16,106
19.502485493959245,100,17,112
20.863764968978863,100,18,119
21.44695866474512,100,19,125
22.793442224232404,100,20,132
23.379131341147765,100,21,138
24.75842402685934,100,22,145
25.48902948714535,100,23,151
26.875324901183962,100,24,158
27.460899726805334,100,25,164
28.79358728055401,100,26,171
29.38679158928671,100,27,177
30.71732062887995,100,28,184
31.369920032980495,100,29,190
32.75364191539852,100,30,197
33.34800870142616,100,31,203
34.74886105600819,100,32,210
35.281277315852435,100,33,216
36.644746990414376,100,34,223
37.4643755997355,100,35,229
38.765747809687426,100,36,236
39.54137140158152,100,37,242
40.8649807726784,100,38,248
41.530519243020656,100,39,254
42.897500211115066,100,40,261
43.489783374839874,100,41,267
44.822888325384056,100,42,274
45.413156706923616,100,43,280
46.75517698829638,100,44,287
47.34423970143253,100,45,293
48.72061472154616,100,46,300
49.34027417584042,100,47,306
50.7014887122453,100,48,313
51.46752201902115,100,49,319
52.80906784753558,100,50,326
53.45675618140111,100,51,332
54.795134080761294,100,52,339
55.44162842162591,100,53,345
56.80020201484728,100,54,352
57.436385994525,100,55,358
58.76065304005874,100,56,365
59.54466197558999,100,57,371
60.88743234388193,100,58,378
61.44581906846082,100,59,384
62.81259595693603,100,60,391
63.47176721608279,100,61,397
64.79444140608994,100,62,404
65.5783262540761,100,63,410
66.98174410363579,100,64,417
67.55761005518052,100,65,423
68.90858536333756,100,66,430
69.48164869285036,100,67,436
70.83078122729941,100,68,443
71.42756583807152,100,69,449
72.78944149781333,100,70,456
73.52396943032274,100,71,462
74.86670304092732,100,72,469
75.55090849196615,100,73,475
76.91722511614978,100,74,482
77.51385267337402,100,75,488
78.8679645195156,100,76,495
79.52696611863347,100,77,501
80.85194008174821,100,78,508
81.48602335325624,100,79,514
82.79908144044663,100,80,521
83.40204554485169,100,81,527
84.80316287335894,100,82,534
85.40444567395355,100,83,540
86.77942900042484,100,84,547
87.35386303909435,100,85,553
88.70070959159966,100,86,560
89.34380003017068,100,87,566
90.63382117472592,100,88,573
91.44820235275655,100,89,579
92.78533580292135,100,90,586
93.44336641506325,100,91,592
94.7449943881171,100,92,599
95.50126948206984,100,93,605
96.9063874360201,100,94,612
97.4920852400547,100,95,618
98.91615997470718,100,96,625
99.49824422900204,100,97,631
100.83516886443857,100,98,638
101.48214891485793,100,99,644
102.83036532002835,100,100,651
103.45995937306623,100,101,657
104.83429424580078,100,102,664
105.3784536306394,100,103,670
106.76974124186246,100,104,677
107.5743042724811,100,105,683
108.87546616974602,100,106,690
109.4880473943342,100,107,696
110.86838962250813,100,108,703
111.47626290579275,100,109,709
112.80861515185653,100,110,716
113.38990113763575,100,111,722
114.76231380667846,100,112,729
115.42146030880879,100,113,735
116.79638462421886,100,114,742
117.40448917917428,100,115,748
118.8060291365014,100,116,755
119.40386436486511,100,117,761
120.74529693261486,100,118,768
121.51018965366345,100,119,774
122.89590218621312,100,120,781
123.43233271291513,100,121,787
124.82241062269055,100,122,794
125.42129476679972,100,123,800
126.7464128047404,100,124,807
127.47850118806161,100,125,813
128.83861988800285,100,126,820
129.46666711661823,100,127,826
130.7919251004714,100,128,833
131.37619818359778,100,129,839
132.70322383575333,100,130,846
133.30594484615656,100,131,852
134.69729137358283,100,132,859
135.46289178635135,100,133,865
136.82667984679412,100,134,872
137.41512137507675,100,135,878
138.7421367538106,100,136,885
139.38129285710525,100,137,891
140.70895887423427,100,138,898
141.31618144976073,100,139,904
141.8989397154322,100,140,911
143.43066011676245,100,141,917
144.8068096462059,100,142,924
145.38473197018078,100,143,930
146.72915271733697,100,144,937
147.35624522381295,100,145,943
148.70880078190186,100,146,950
149.4950456605459,100,147,956
150.85489576547414,100,148,963
151.49636039700937,100,149,969
152.82156497013386,100,150,976
153.4222217778484,100,151,983
154.75225282118816,100,152,990
155.54176475792718,100,153,996
156.9130043706755,100,154,1003
157.4724224620269,100,155,1009
158.87466819751683,100,156,1016
159.45316454205224,100,157,1022
160.78150840589785,100,158,1029
161.42567288374843,100,159,1035
162.7247492949085,100,160,1042
163.33259908325707,100,161,1048
163.92498089765667,100,162,1055
165.29863374644836,100,163,1061
166.8161662289737,100,164,1068
167.42546879606536,100,165,1074
168.74950715310132,100,166,1081
169.39991987564014,100,167,1087
170.73244237120045,100,168,1094
171.5565692001332,100,169,1100
172.94852518692517,100,170,1107
173.56691641123132,100,171,1113
174.90376358144795,100,172,1120
175.49800741944847,100,173,1126
176.8204266423614,100,174,1133
177.4524887240902,100,175,1139
178.83137805598327,100,176,1146
179.41998182507962,100,177,1152
180.81062080260233,100,178,1159
181.3786679139837,100,179,1165
182.7439975958334,100,180,1172
183.51899757277062,100,181,1178
184.88622262051936,100,182,1185
185.49288154567273,100,183,1191
186.8919634569976,100,184,1198
187.47730572516122,100,185,1204
188.80944490250926,100,186,1211
189.5878115432284,100,187,1217
190.9475339453,100,188,1224
191.52056468096728,100,189,1230
192.9204066611214,100,190,1237
193.50223345660788,100,191,1243
194.86485509885955,100,192,1250
195.44235722405298,100,193,1256
196.82360138550897,100,194,1263
197.40710911130827,100,195,1269
198.75974266507254,100,196,1276
199.3857142231867,100,197,1282
200.74566780380405,100,198,1289
201.61225413381558,100,199,1295
202.927141946066,100,200,1302
203.56447455096276,100,201,1308
204.98387336831252,100,202,1315
205.58487315095016,100,203,1321
206.97895079484778,100,204,1328
207.58221490972818,100,205,1334
208.95328395674798,100,206,1341
209.55181084258598,100,207,1347
210.94334279129737,100,208,1354
211.4771168296332,100,209,1360
212.88444572591646,100,210,1367
213.42778283052505,100,211,1373
214.85454362352533,100,212,1380
215.43995470679823,100,213,1386
216.82837816619235,100,214,1393
217.59755287206903,100,215,1399
218.97636808542833,100,216,1406
219.55809249362449,100,217,1412
220.91103561876287,100,218,1419
221.51090992894228,100,219,1425
222.8644100528448,100,220,1432
223.51015000715202,100,221,1438
224.8280319257724,100,222,1445
225.46292620465513,100,223,1451
226.80951927445906,100,224,1458
227.61404214156516,100,225,1464
228.99582454497363,100,226,1471
229.61464134091403,100,227,1477
230.97824931408684,100,228,1484
231.61918094442137,100,229,1490
232.93533405642398,100,230,1497
233.55132803367846,100,231,1503
234.92681898050876,100,232,1510
235.4977553152859,100,233,1516
236.84441227060836,100,234,1523
237.4566691623394,100,235,1529
238.83436073208753,100,236,1536
239.4256478933301,100,237,1542
240.8009941137643,100,238,1549
241.44911329416075,100,239,1555
242.75850534716486,100,240,1562
243.3818840691405,100,241,1568
244.69518361857376,100,242,1575
245.4698945927886,100,243,1581
246.8427663836866,100,244,1588
247.45334991822693,100,245,1594
248.76539840645555,100,246,1601
249.5638991333808,100,247,1607
250.93674172579938,100,248,1614
251.5572116525146,100,249,1620
252.87055545800985,100,250,1627
253.48106744588807,100,251,1633
254.88866829457533,100,252,1640
255.43502770971764,100,253,1646
256.84350481931966,100,254,1653
257.39815019375635,100,255,1659
258.7582488167575,100,256,1666
259.34400686541505,100,257,1672
260.7129645022624,100,258,1679
261.3290046890319,100,259,1685
261.88446431930424,100,260,1692
263.48506975131556,100,261,1698
264.80432117894696,100,262,1705
265.409703777511,100,263,1711
266.76199852260254,100,264,1718
267.3620326369142,100,265,1724
268.74157444378994,100,266,1731
269.47564325052883,100,267,1737
270.86347765159974,100,268,1744
271.4485891820536,100,269,1750
272.80294139699873,100,270,1757
273.41196047986983,100,271,1763
274.7747410368752,100,272,1770
275.51356450375374,100,273,1776
276.89567095810895,100,274,1783
277.46895849803246,100,275,1789
278.85293800860427,100,276,1796
279.4804169317467,100,277,1802
280.8859106561115,100,278,1809
281.4509882643114,100,279,1815
282.82743783088745,100,280,1822
283.4308512082918,100,281,1828
284.80542117724656,100,282,1835
285.5827072157248,100,283,1841
286.95936521465813,100,284,1848
287.51077520038933,100,285,1854
288.9280932841219,100,286,1861
289.4763465227335,100,287,1867
290.8274932535604,100,288,1874
291.4584459440627,100,289,1880
292.7620648217316,100,290,1887
293.5396335989657,100,291,1893
294.96171540608304,100,292,1900
295.5394592126632,100,293,1906
296.9433214404994,100,294,1913
297.51487154269734,100,295,1919
298.9040006516292,100,296,1926
299.5123980232218,100,297,1932
300.8956706881733,100,298,1939
301.45699459376266,100,299,1945
302.8243122603644,100,300,1952
303.5345111987088,100,301,1958
304.9423918417882,100,302,1965
305.53196865285906,100,303,1971
306.9317329128325,100,304,1978
307.5521603422733,100,305,1984
308.87267440004797,100,306,1991
309.4766951055962,100,307,1997
310.8606957132728,100,308,2004
311.4643083645926,100,309,2010
312.8403172284648,100,310,2017
313.39310068024855,100,311,2023
314.82578733016646,100,312,2030
315.6146996295133,100,313,2036
316.93524051073916,100,314,2043
317.53258403043753,100,315,2049
318.8569365879751,100,316,2056
319.40855166514024,100,317,2062
320.7425719617816,100,318,2069
321.3773548165404,100,319,2075
322.74818116026654,100,320,2082
323.34077300426566,100,321,2088
324.7469412517088,100,322,2095
325.51555061738816,100,323,2101
326.8239704799098,100,324,2108
327.42850080486977,100,325,2114
328.8218238154283,100,326,2121
329.3821539723169,100,327,2127
330.7329633205409,100,328,2134
331.36367344468994,100,329,2140
332.7189961057488,100,330,2147
333.4546633802491,100,331,2153
334.8405006492702,100,332,2160
335.44473661491577,100,333,2166
336.81163889978626,100,334,2173
337.4095218951245,100,335,2179
338.75422838520353,100,336,2186
339.3902946708592,100,337,2192
340.75513314248724,100,338,2199
341.3854761437917,100,339,2205
342.7156868435322,100,340,2212
343.50340136056815,100,341,2218
344.8952108408138,100,342,2225
345.50686685583486,100,343,2231
346.82925861080815,100,344,2238
347.413731051792,100,345,2244
348.73516027023226,100,346,2251
349.4919536527734,100,347,2257
350.85361363646524,100,348,2264
351.45309246378224,100,349,2270
352.81339107819673,100,350,2277
353.3978382304077,100,351,2283
354.7542966386729,100,352,2290
355.35073782126005,100,353,2296
356.76713854154167,100,354,2303
357.3573130708063,100,355,2309
358.69343919668694,100,356,2316
359.4603507345204,100,357,2322
360.8240511831114,100,358,2329
361.41235428359073,100,359,2335
362.8080227523428,100,360,2342
363.42893376549046,100,361,2348
364.75608283899595,100,362,2355
365.35170802178567,100,363,2361
366.7213895029623,100,364,2368
367.4944468572006,100,365,2374
368.8827826705574,100,366,2381
369.4567551088854,100,367,2387
370.8446042465105,100,368,2394
371.5881779956393,100,369,2400
372.9585375097916,100,370,2407
373.55647943966807,100,371,2413
374.87971879523843,100,372,2420
375.499888438512,100,373,2426
376.8830780225128,100,374,2433
377.4356490497561,100,375,2439
378.86912959280795,100,376,2446
379.46142809828854,100,377,2452
380.802517474028,100,378,2459
381.3952325465275,100,379,2465
382.7687142868817,100,380,2472
383.3798250080361,100,381,2478
384.7329864398563,100,382,2485
385.31352621466425,100,383,2491
386.72414546846426,100,384,2498
387.4553904850414,100,385,2504
388.8330575080743,100,386,2511
389.4379084128014,100,387,2517
390.81417450311153,100,388,2524
391.37611559062606,100,389,2530
392.77820761998987,100,390,2537
393.5684752100509,100,391,2543
394.9615724614625,100,392,2550
395.52287446594454,100,393,2556
396.91992340140604,100,394,2563
397.52020433413156,100,395,2569
398.890204713472,100,396,2576
399.4562060984777,100,397,2582
400.85131138052236,100,398,2589
401.45498690946,100,399,2595
402.7666781894036,100,400,2602
403.4223537338896,100,401,2608
404.77440883734704,100,402,2615
405.38369794772314,100,403,2621
406.76938212899523,100,404,2628
407.5755313377807,100,405,2634
408.9036178905981,100,406,2641
409.52012294437145,100,407,2647
410.83054485269406,100,408,2654
411.4555564523033,100,409,2660
412.78453327496703,100,410,2667
413.4076006312048,100,411,2673
414.77698925698104,100,412,2680
415.35960459804534,100,413,2686
416.7500373868838,100,414,2693
417.5480288244297,100,415,2699
418.8982876368019,100,416,2706
419.5077628734756,100,417,2712
420.91098477310646,100,418,2719
421.52369018071516,100,419,2725
422.8934914590926,100,420,2732
423.41987403717087,100,421,2738
424.8244454773431,100,422,2745
425.4208615310753,100,423,2751
426.7666679555372,100,424,2758
427.34965128936693,100,425,2764
428.73045088878513,100,426,2771
429.5100998535726,100,427,2777
430.8809878225468,100,428,2784
431.44327035579767,100,429,2790
432.80535564078974,100,430,2797
433.4539371713832,100,431,2803
434.7914502723349,100,432,2810
435.39008557104756,100,433,2816
436.78057288951027,100,434,2823
437.3239932935276,100,435,2829
438.6962393660817,100,436,2836
439.48182944638256,100,437,2842
440.8674830147577,100,438,2849
441.41188001689886,100,439,2855
442.7735791380426,100,440,2862
443.5627675898004,100,441,2868
444.9094056775603,100,442,2875
445.50553858782774,100,443,2881
446.7929587656412,100,444,2888
447.3636241238962,100,445,2894
448.73015561086044,100,446,2901
449.38644302520225,100,447,2907
450.6867071261814,100,448,2914
451.4727378651728,100,449,2920
452.8546735556642,100,450,2927
453.4391363214977,100,451,2933
454.7882903283081,100,452,2940
455.403567067025,100,453,2946
456.7836667101801,100,454,2953
457.59673626749355,100,455,2959
458.9241151369769,100,456,2966
459.5669207952001,100,457,2972
460.9400163601773,100,458,2979
461.4838728913425,100,459,2985
462.8996662538416,100,460,2992
463.45876444117897,100,461,2998
464.8276218487475,100,462,3005
465.39988421699985,100,463,3011
466.8102304800159,100,464,3018
467.57840179518075,100,465,3024
468.927826024653,100,466,3031
469.5311154988399,100,467,3037
470.8776716683431,100,468,3044
471.4808290135108,100,469,3050
472.8352147165146,100,470,3057
473.4246598136411,100,471,3063
474.8262913693351,100,472,3070
475.4215776546184,100,473,3076
476.75859983699866,100,474,3083
477.50641977747256,100,475,3089
478.90586304343367,100,476,3096
479.4769511940544,100,477,3102
480.80935012974106,100,478,3109
481.4090263593587,100,479,3115
482.79336794307983,100,480,3122
483.3730375999284,100,481,3128
484.794679601898,100,482,3135
485.5516215182068,100,483,3141
486.93501340569907,100,484,3148
487.53911026764035,100,485,3154
488.90632692158323,100,486,3161
489.47337676778704,100,487,3167
490.88022450104756,100,488,3174
491.461609633493,100,489,3180
492.87069366495297,100,490,3187
493.452378507076,100,491,3193
494.8030529561532,100,492,3200
495.3984489266372,100,493,3206
496.7607940828791,100,494,3213
497.4400125312507,100,495,3219
498.83304390009033,100,496,3226
499.47441461267135,100,497,3232
