192.168.0.0 utilization summary 
0.07 
0.03 
0.07 
0.03 
0.07 
0.03 
0.07 
0.03 
0.07 
0.03 
0.07 
0.03 
0.07 
0.03 
0.07 
0.03 
0.07 
0.03 
0.07 
0.03 
0.07 
0.03 
0.07 
0.03 
0.07 
0.03 
0.07 
0.03 
0.07 
0.03 
0.07 
0.03 
0.07 
0.03 
0.07 
0.03 
0.07 
0.03 
0.07 
0.03 
0.07 
0.03 
0.07 
0.03 
0.07 
0.03 
0.07 
0.03 
0.07 
0.03 
0.07 
0.03 
0.07 
0.03 
0.07 
0.03 
0.07 
0.03 
0.07 
0.03 
0.07 
0.03 
0.07 
0.03 
0.07 
0.03 
0.07 
0.03 
0.07 
0.03 
0.07 
0.03 
0.07 
0.03 
0.07 
0.03 
0.07 
0.03 
0.07 
0.03 
0.07 
0.03 
0.07 
0.03 
0.07 
0.03 
0.07 
0.03 
0.07 
0.03 
0.07 
0.03 
0.07 
0.03 
0.07 
0.03 
0.07 
0.03 
0.07 
