192.168.1.0 utilization summary 
0.765 
1.0 
1.0 
1.0 
1.0 
0.92 
1.0 
1.0 
1.0 
1.0 
1.0 
1.0 
1.0 
1.0 
1.0 
0.962 
0.919 
0.955 
0.983 
1.0 
1.0 
1.0 
1.0 
0.976 
0.917 
0.95 
1.0 
1.0 
1.0 
1.0 
0.979 
1.0 
1.0 
1.0 
1.0 
1.0 
1.0 
1.0 
1.0 
1.0 
0.992 
0.939 
0.952 
0.933 
1.0 
1.0 
1.0 
1.0 
0.979 
0.976 
0.933 
1.0 
1.0 
1.0 
1.0 
1.0 
1.0 
1.0 
1.0 
1.0 
0.97 
0.994 
1.0 
1.0 
1.0 
1.0 
0.953 
0.944 
0.963 
1.0 
1.0 
1.0 
1.0 
0.985 
0.918 
0.92 
0.945 
1.0 
1.0 
1.0 
1.0 
0.978 
1.0 
1.0 
1.0 
1.0 
1.0 
1.0 
1.0 
1.0 
1.0 
0.951 
0.949 
0.943 
0.956 
1.0 
1.0 
1.0 
1.0 
